  3952 93930  2  AR NORTH LITTLE RO  1894  -99  147  225  268  298  345  320  264  236  292  224  157    -99
  3952 93930  2  AR NORTH LITTLE RO  1894  -99  147  225  268  298  345  320  264  236  292  224  157    -99
  3952 93930  0  AR NORTH LITTLE RO  1895  117  165  192  237  261  282  255  322  296  261  167  151   2708
  3952 93930  0  AR NORTH LITTLE RO  1896  126  209  177  285  342  336  369  352  272  241  157  225   3093
  3952 93930  0  AR NORTH LITTLE RO  1897  167  150  195  266  346  372  363  356  338  304  227  125   3208
  3952 93930  0  AR NORTH LITTLE RO  1898  124  200  163  230  304  271  263  314  250  212  198  198   2728
  3952 93930  0  AR NORTH LITTLE RO  1899  156  170  221  263  251  294  281  367  315  272  186  146   2923
  3952 93930  0  AR NORTH LITTLE RO  1900  144  122  194  204  291  287  320  366  272  224  185  180   2790
  3952 93930  0  AR NORTH LITTLE RO  1901  190  153  251  258  269  355  316  262  259  257  190  152   2910
  3952 93930  0  AR NORTH LITTLE RO  1902  146  146  198  237  217  327  299  317  240  244  115  122   2608
  3952 93930  0  AR NORTH LITTLE RO  1903  173  148  220  288  260  309  318  312  264  240  145  185   2862
  3952 93930  0  AR NORTH LITTLE RO  1904  183  144  184  181  251  236  321  306  243  284  182  142   2659
  3952 93930  0  AR NORTH LITTLE RO  1905  142  128  189  201  195  253  235  283  234  189  144  165   2360
  3952 93930  0  AR NORTH LITTLE RO  1906  178  212  171  289  335  343  315  326  224  247  179  105   2924
  3952 93930  0  AR NORTH LITTLE RO  1907  113  166  213  184  263  318  386  317  316  264  191  144   2876
  3952 93930  0  AR NORTH LITTLE RO  1908  165  168  210  195  261  311  337  297  212  256  185  160   2758
  3952 93930  0  AR NORTH LITTLE RO  1909   84  181  226  261  257  284  369  333  279  282  177  164   2896
  3952 93930  0  AR NORTH LITTLE RO  1910  190  156  270  211  237  241  253  219  311  268  229  164   2750
  3952 93930  0  AR NORTH LITTLE RO  1911  125  148  240  201  342  338  186  234  288  198  180  132   2613
  3952 93930  0  AR NORTH LITTLE RO  1912  191  199  166  234  328  311  346  319  320  270  228  151   3065
  3952 93930  0  AR NORTH LITTLE RO  1913  148  148  258  303  350  368  374  370  215  203  151   93   2981
  3952 93930  0  AR NORTH LITTLE RO  1914  188  170  231  246  300  379  289  219  254  205  182   91   2754
  3952 93930  0  AR NORTH LITTLE RO  1915  144  160  171  228  255  254  328  191  254  269  203  123   2580
  3952 93930  0  AR NORTH LITTLE RO  1916   97  187  237  257  343  279  342  311  275  269  229  139   2964
  3952 93930  0  AR NORTH LITTLE RO  1917  115  176  188  228  250  320  283  265  251  253  177  154   2660
  3952 93930  0  AR NORTH LITTLE RO  1918  155  180  211  271  332  320  346  319  239  200  183  149   2905
  3952 93930  0  AR NORTH LITTLE RO  1919  159  178  245  267  235  257  327  289  248  108  182  129   2624
  3952 93930  0  AR NORTH LITTLE RO  1920  123  153  207  217  222  313  262  211  238  213  164  132   2455
  3952 93930  0  AR NORTH LITTLE RO  1921  119  181  207  256  333  282  339  282  249  288  169  140   2844
  3952 93930  0  AR NORTH LITTLE RO  1922   99  119  174  249  290  334  271  313  330  269  214  144   2806
  3952 93930  0  AR NORTH LITTLE RO  1923  173  146  242  300  252  323  319  315  200  203  172   75   2720
  3952 93930  0  AR NORTH LITTLE RO  1924  159  140  203  257  279  299  324  326  253  302  172  163   2878
  3952 93930  0  AR NORTH LITTLE RO  1925  152  164  273  294  330  374  267  357  236  158  173  175   2953
  3952 93930  0  AR NORTH LITTLE RO  1926  156  204  207  266  328  323  324  267  246  211  156  121   2808
  3952 93930  0  AR NORTH LITTLE RO  1927  149  147  194  228  270  292  338  268  264  292   99  149   2691
  3952 93930  0  AR NORTH LITTLE RO  1928  209  167  216  207  325  234  304  294  317  232  144  193   2842
  3952 93930  0  AR NORTH LITTLE RO  1929  142  126  201  202  234  338  348  349  245  206  141  153   2685
  3952 93930  0  AR NORTH LITTLE RO  1930  137  168  234  266  263  374  368  312  250  225  168  156   2921
  3952 93930  0  AR NORTH LITTLE RO  1931  180  181  226  244  304  366  304  297  320  253  139   99   2914
  3952 93930  0  AR NORTH LITTLE RO  1932  150  178  236  284  334  337  334  362  255  245  181  119   3015
  3952 93930  0  AR NORTH LITTLE RO  1933  147  147  202  249  294  383  286  275  259  256  195  121   2815
  3952 93930  0  AR NORTH LITTLE RO  1934  144  182  231  282  349  381  398  340  270  293  190  143   3203
  3952 93930  0  AR NORTH LITTLE RO  1935  170  152  199  204  240  308  391  350  283  225  124  173   2819
  3952 93930  0  AR NORTH LITTLE RO  1936  186  170  262  271  337  388  355  368  264  216  205  127   3149
  3952 93930  0  AR NORTH LITTLE RO  1937   56  169  232  283  341  347  324  283  264  231  155   87   2772
  3952 93930  0  AR NORTH LITTLE RO  1938  158  130  234  276  318  336  321  348  285  306  195  154   3061
  3952 93930  0  AR NORTH LITTLE RO  1939  179  134  221  240  278  274  336  321  317  278  153  159   2890
  3952 93930  0  AR NORTH LITTLE RO  1940  165  108  226  218  326  278  259  306  278  292  187  174   2817
  3952 93930  0  AR NORTH LITTLE RO  1941  177  174  255  244  313  319  319  312  280  188  204  159   2944
  3952 93930  0  AR NORTH LITTLE RO  1942  200  151  242  231  301  283  361  263  274  261  174  135   2876
  3952 93930  0  AR NORTH LITTLE RO  1943  223  236  224  270  228  319  337  360  204  233  227  130   2991
  3952 13963  9  AR NORTH LITTLE RO  1944  190  172  238  236  289  347  341  254  261  300  136  137   2901
  3952 13963  0  AR NORTH LITTLE RO  1945  170   96  174  215  259  262  273  291  233  198  160  133   2464
  3952 13963  0  AR NORTH LITTLE RO  1946  144  193  237  287  270  311  294  277  180  234  128  145   2700
  3952 13963  0  AR NORTH LITTLE RO  1947  101  229  212  194  294  298  324  320  281  262  128  176   2819
  3952 13963  0  AR NORTH LITTLE RO  1948  151   87  172  297  283  300  277  282  271  250  163  125   2658
  3952 13963  0  AR NORTH LITTLE RO  1949   59  152  173  200  288  238  283  272  224  156  250  120   2415
  3952 13963  0  AR NORTH LITTLE RO  1950   60  141  200  244  210  293  218  251  152  239  199  183   2390
  3952 13963  0  AR NORTH LITTLE RO  1951  157  160  188  234  410  266  323  328  255  233  146  141   2841
  3952 13963  0  AR NORTH LITTLE RO  1952   93  159  222  229  332  406  354  325  318  313  143  152   3046
  3952 13963  0  AR NORTH LITTLE RO  1953  124  174  189  260  277  361  240  305  332  263  198  145   2868
  3952 13963  0  AR NORTH LITTLE RO  1954  107  207  181  235  282  373  347  356  306  216  218  145   2973
  3952 13963  0  AR NORTH LITTLE RO  1955  133  144  202  258  194  261  265  258  258  303  202  150   2628
  3952 13963  0  AR NORTH LITTLE RO  1956  157  126  244  233  283  296  345  335  343  258  220  136   2976
  3952 13963  0  AR NORTH LITTLE RO  1957   86  121  165  167  252  232  313  334  219  223  125  162   2399
  3952 13963  0  AR NORTH LITTLE RO  1958  182  154  125  159  261  303  251  336  273  271  214  188   2717
  3952 13963  0  AR NORTH LITTLE RO  1959  145  168  284  262  297  324  309  298  219  249  196  132   2883
  3952 13963  0  AR NORTH LITTLE RO  1960  107  137  190  274  292  289  315  293  268  188  157  119   2629
  3952 13963  0  AR NORTH LITTLE RO  1961  159  101  176  217  248  249  277  256  231  220  133   94   2361
  3952 13963  0  AR NORTH LITTLE RO  1962  137  159  216  228  352  241  315  313  167  164  144  166   2602
  3952 13963  0  AR NORTH LITTLE RO  1963  156  185  274  224  317  350  284  302  262  305  190  179   3028
  3952 13963  0  AR NORTH LITTLE RO  1964  208  198  235  218  303  333  304  198  230  280  165   98   2770
  3952 13963  0  AR NORTH LITTLE RO  1965  172  183  143  253  285  334  326  329  231  234  122  160   2771
  3952 13963  0  AR NORTH LITTLE RO  1966  121  131  261  186  298  317  312  228  224  263  189  125   2654
  3952 13963  0  AR NORTH LITTLE RO  1967  194  180  250  162  262  326  344  322  226  257  221  172   2915
  3952 13963  0  AR NORTH LITTLE RO  1968  147  233  247  280  315  352  328  302  259  241  120  171   2996
  3952 13963  0  AR NORTH LITTLE RO  1969  116  154  259  279  360  377  377  318  234  229  204  155   3061
  3952 13963  0  AR NORTH LITTLE RO  1970  187  171  145  240  342  326  312  251  286  181  151  138   2729
  3952 13963  0  AR NORTH LITTLE RO  1971  172  187  239  297  344  352  349  325  296  254  175  104   3093
  3952 13963  0  AR NORTH LITTLE RO  1972  152  176  254  271  365  379  374  358  266  227  186  153   3162
  3952 13963  0  AR NORTH LITTLE RO  1973  202  230  245  272  381  380  382  386  282  243  155  168   3325
  3952 13963  0  AR NORTH LITTLE RO  1974  104  187  213  318  334  373  382  335  280  283  191  158   3157
  3952 13963  0  AR NORTH LITTLE RO  1975  206  194  236  307  352  370  373  351  299  280  -99  -99    -99
  3952  3952  1  AR NORTH LITTLE RO  1976  -99  238  283  334  362  354  386  372  313  261  231  226    -99
  3952     0  0  AR NORTH LITTLE RO  1977  199  251  277  334  389  389  382  381  319  307  164  -99    -99
  3952     0  0  AR NORTH LITTLE RO  1978  203  195  262  325  353  372  402  360  308  317  210  -99    -99
  3952     0  0  AR NORTH LITTLE RO  1979  157  176  279  304  337  348  308  289  295  260  207  224   3183
  3952     0  0  AR NORTH LITTLE RO  1980  214  240  277  343  313  343  398  338  246  268  196  171   3347
  3952     0  0  AR NORTH LITTLE RO  1981  240  217  279  300  271  -99  -99  319  264  202  216  205    -99
  3952     0  0  AR NORTH LITTLE RO  1982  186  180  273  250  365  360  370  339  312  283  171  139   3229
  3952     0  0  AR NORTH LITTLE RO  1983  175  185  264  257  306  349  371  358  319  248  -99  -99    -99
  3952     0  0  AR NORTH LITTLE RO  1984  237  242  225  236  325  343  380  328  312  210  216  155   3210
  3952     0  0  AR NORTH LITTLE RO  1985  204  192  211  301  333  342  357  341  305  200  105  220   3111
  3952     0  0  AR NORTH LITTLE RO  1986  285  198  337  337  376  372  405  324  267  217   93  131   3342
  3952     0  0  AR NORTH LITTLE RO  1987  178  134  267  341  372  394  392  345  323  308  199  183   3436
 13964 93946  1  AR FORT SMITH       1905  168  148  216  236  271  333  273  358  259  214  200  162   2837
 13964 93946  0  AR FORT SMITH       1906  179  201  136  259  299  294  290  271  230  245  153  111   2668
 13964 93946  0  AR FORT SMITH       1907   92  176  205  188  232  332  380  321  305  225  186  155   2797
 13964 93946  0  AR FORT SMITH       1908  176  178  213  171  260  274  332  297  189  259  175  142   2665
 13964 93946  0  AR FORT SMITH       1909   89  208  218  245  281  270  352  284  266  266  165  163   2806
 13964 93946  0  AR FORT SMITH       1910  190  157  274  230  235  308  324  255  289  270  214  159   2905
 13964 93946  0  AR FORT SMITH       1911  135  151  239  190  353  342  243  254  294  181  192  142   2715
 13964 93946  0  AR FORT SMITH       1912  194  166  124  238  347  300  348  327  297  221  242  193   2996
 13964 93946  0  AR FORT SMITH       1913  166  137  238  274  332  346  334  372  205  211  128   86   2829
 13964 93946  0  AR FORT SMITH       1914  186  163  218  236  281  390  345  260  308  190  186   98   2862
 13964 93946  0  AR FORT SMITH       1915  151  162  147  257  278  308  362  194  262  283  197  133   2734
 13964 93946  0  AR FORT SMITH       1916   78  182  240  203  308  246  349  304  289  225  216  162   2802
 13964 93946  0  AR FORT SMITH       1917  187  226  248  253  274  343  314  274  260  269  201  178   3027
 13964 93946  0  AR FORT SMITH       1918  170  194  226  272  321  332  340  312  248  204  153  174   2948
 13964 93946  0  AR FORT SMITH       1919  202  185  230  267  220  268  355  309  255  114  182  165   2750
 13964 93946  0  AR FORT SMITH       1920  143  193  234  244  279  313  331  261  274  200  160  168   2798
 13964 93946  0  AR FORT SMITH       1921  125  209  205  236  320  249  356  298  246  292  179  150   2864
 13964 93946  0  AR FORT SMITH       1922  119  147  200  224  264  342  334  322  325  235  180  132   2824
 13964 93946  0  AR FORT SMITH       1923  155  126  200  230  235  274  332  320  227  163  177  149   2589
 13964 93946  0  AR FORT SMITH       1924  167  145  197  254  318  318  327  307  269  313  202  172   2989
 13964 93946  0  AR FORT SMITH       1925  159  189  282  266  305  349  257  335  262  193  194  170   2962
 13964 93946  0  AR FORT SMITH       1926  156  199  193  255  334  342  342  342  256  196  178  168   2962
 13964 93946  0  AR FORT SMITH       1927  182  188  230  274  291  314  346  316  299  300  163  187   3090
 13964 93946  0  AR FORT SMITH       1928  219  178  237  215  319  218  321  313  297  223  126  210   2875
 13964 93946  0  AR FORT SMITH       1929  173  123  240  242  264  348  382  369  268  205  138  165   2918
 13964 93946  0  AR FORT SMITH       1930  118  178  238  233  274  328  372  284  255  198  176  180   2834
 13964 93946  0  AR FORT SMITH       1931  187  155  180  240  280  369  334  294  332  249  122  118   2860
 13964 93946  0  AR FORT SMITH       1932  151  150  181  253  290  262  308  328  230  240  179  140   2712
 13964 93946  0  AR FORT SMITH       1933  148  157  167  229  230  344  221  209  274  251  175  150   2553
 13964 93946  0  AR FORT SMITH       1934  134  148  210  253  288  367  375  306  222  232  146  150   2831
 13964 93946  0  AR FORT SMITH       1935  152  150  143  146  183  250  367  360  255  159  105  149   2419
 13964 93946  0  AR FORT SMITH       1936  168  198  267  281  352  399  375  392  228  214  204  133   3211
 13964 93946  0  AR FORT SMITH       1937   66  171  195  223  269  304  277  232  219  227  106   84   2373
 13964 93946  0  AR FORT SMITH       1938  144  100  193  220  220  267  316  345  266  273  181  163   2688
 13964 93946  0  AR FORT SMITH       1939  158  135  213  195  253  241  339  281  300  255  118  179   2667
 13964 93946  0  AR FORT SMITH       1940  152   73  224  268  310  304  315  280  249  254  151  128   2708
 13964 93946  0  AR FORT SMITH       1941  146  135  204  190  291  314  353  278  249  120  214  151   2646
 13964 93946  0  AR FORT SMITH       1942  233  183  308  278  304  282  383  322  257  203  174  120   3047
 13964 93946  0  AR FORT SMITH       1943  208  217  210  299  244  319  389  345  220  215  230  119   3015
 13964 93946  0  AR FORT SMITH       1944  181  126  199  206  238  299  289  284  271  281  130  121   2625
 13964 13964 11  AR FORT SMITH       1945  177  142  209  230  264  233  339  317  240  201  196  143   2691
 13964     0  0  AR FORT SMITH       1946  139  213  172  245  235  281  354  297  201  224  152  158   2671
 13964     0  0  AR FORT SMITH       1947  123  208  192  208  264  304  341  322  290  249  148  201   2850
 13964     0  0  AR FORT SMITH       1948  159  112  206  286  257  357  321  279  312  240  167  164   2860
 13964     0  0  AR FORT SMITH       1949   85  191  214  266  295  297  401  327  282  229  300  144   3031
 13964     0  0  AR FORT SMITH       1950  106  153  214  302  257  343  265  284  178  263  184  187   2736
 13964     0  0  AR FORT SMITH       1951  156  163  159  211  297  211  301  330  245  213  127  123   2536
 13964     0  0  AR FORT SMITH       1952   99  133  219  207  270  377  301  269  302  319  139  137   2772
 13964     0  0  AR FORT SMITH       1953  148  177  233  265  306  398  306  336  346  236  179  150   3080
 13964     0  0  AR FORT SMITH       1954  123  221  177  229  264  345  341  374  313  220  237  156   3000
 13964     0  0  AR FORT SMITH       1955  155  162  215  250  277  265  313  278  257  265  222  182   2841
 13964     0  0  AR FORT SMITH       1956  165  136  229  246  310  303  329  349  357  226  198  162   3010
 13964     0  0  AR FORT SMITH       1957   75  120  142  100  207  236  313  321  271  235  138  174   2332
 13964     0  0  AR FORT SMITH       1958  172  142  136  220  281  301  283  294  181  200  217  178   2605
 13964     0  0  AR FORT SMITH       1959  147  144  256  233  237  280  225  239  211  205  185  111   2473
 13964     0  0  AR FORT SMITH       1960  127  159  193  250  253  240  256  286  269  199  188  143   2563
 13964     0  0  AR FORT SMITH       1961  199  124  180  252  277  263  265  270  222  241  145  126   2564
 13964     0  0  AR FORT SMITH       1962  149  172  211  202  335  240  302  327  178  162  151  160   2589
 13964     0  0  AR FORT SMITH       1963  173  169  242  193  254  287  296  312  236  317  217  189   2885
 13964     0  0  AR FORT SMITH       1964  242  205  220  204  231  315  351  236  202  273  187  168   2833
 13964     0  0  AR FORT SMITH       1965  194  199  169  276  268  309  323  308  259  247  130  136   2817
 13964     0  0  AR FORT SMITH       1966  159  149  241  201  319  299  295  227  208  265  175  148   2686
 13964     0  0  AR FORT SMITH       1967  203  180  240  198  282  264  290  264  182  221  190  135   2649
 13964     0  0  AR FORT SMITH       1968   99  197  217  258  232  306  336  294  289  269  107  183   2787
 13964     0  0  AR FORT SMITH       1969  123  171  237  243  280  289  347  323  247  167  213  150   2790
 13964     0  0  AR FORT SMITH       1970  196  187  155  244  325  317  327  311  214  162  156  160   2752
 13964     0  0  AR FORT SMITH       1971  202  161  258  267  280  335  306  229  238  213  189  132   2809
 13964     0  0  AR FORT SMITH       1972  182  182  248  244  317  369  313  314  204  157  126  146   2803
 13964     0  0  AR FORT SMITH       1973  130  168  157  158  297  275  312  322  176  229  150  187   2561
 13964     0  0  AR FORT SMITH       1974  116  196  213  248  250  297  356  257  166  205  168  140   2610
 13964     0  0  AR FORT SMITH       1975  191  151  193  247  289  303  336  274  250  265  176  122   2797
 13964     0  0  AR FORT SMITH       1976  230  197  209  220  246  291  345  318  190  218  193  233   2890
 13964     0  0  AR FORT SMITH       1977  179  225  264  259  277  312  288  252  200  187  108  153   2705
 13964     0  0  AR FORT SMITH       1978  151  121  192  281  295  311  389  281  207  270  123  157   2778
 13964     0  0  AR FORT SMITH       1979   89  113  184  242  252  312  287  308  306  233  182  173   2680
 13964     0  0  AR FORT SMITH       1980  118  186  206  278  292  342  420  374  237  259  202  174   3085
 13964     0  0  AR FORT SMITH       1981  214  194  266  270  207  263  354  260  279  164  162  141   2775
 13964     0  0  AR FORT SMITH       1982  188  171  256  204  241  264  330  320  304  236  149  136   2800
 13964     0  0  AR FORT SMITH       1983  150  162  224  165  239  301  341  327  307  219  137  125   2697
 13964     0  0  AR FORT SMITH       1984  199  231  176  193  274  341  377  340  270  159  192  147   2900
 13964     0  0  AR FORT SMITH       1985  197  177  192  255  313  343  375  312  234  171   77  179   2825
 13964     0  0  AR FORT SMITH       1986  234  177  307  216  230  265  344  258  163  161  102  124   2581
 13964     0  0  AR FORT SMITH       1987  165  128  241  318  300  326  362  337  279  231  133  121   2941
 93925     0  0  AR BENTONVILLE      1906  -99  -99  -99  308  389  341  308  209  185  205  159   93    -99
 93925     0  0  AR BENTONVILLE      1907   92  169  191  144  227  243  388  300  285  217  191  154   2601
 93925     0  0  AR BENTONVILLE      1908  201  155  191  164  292  286  338  299  173  257  178  167   2701
 93925     0  0  AR BENTONVILLE      1909   74  188  192  235  278  249  351  293  270  249  143  191   2712
 93925     0  0  AR BENTONVILLE      1910  178  159  270  202  211  291  311  313  268  275  242  193   2914
 93925     0  0  AR BENTONVILLE      1911  141  177  253  192  310  341  247  254  295  179  184  144   2719
 93925     0  0  AR BENTONVILLE      1912  194  162  121  233  323  281  345  347  270  224  226  195   2921
 93925     0  0  AR BENTONVILLE      1913  166  137  184  228  266  300  278  346  170  181  110   70   2436
 93925     0  0  AR BENTONVILLE      1914  140  162  205  206  240  321  278  253  263  161  179   78   2484
 93925     0  0  AR BENTONVILLE      1915  120  134   90  205  213  213  324  195  218  273  231  147   2364
 93925     0  0  AR BENTONVILLE      1916   89  184  223  180  255  238  372  289  259  224  225  172   2710
 93925     0  0  AR BENTONVILLE      1917  161  210  222  211  246  355  323  270  263  239  204  164   2869
 93925     0  0  AR BENTONVILLE      1918  155  192  204  249  303  331  309  277  245  202  164  173   2804
 93925     0  0  AR BENTONVILLE      1919  192  168  219  228  175  218  368  302  233   98  168  148   2518
 93925     0  0  AR BENTONVILLE      1920  159  148  192  229  173  286  284  238  215  209  161  143   2437
