 14931     0  0  IA BURLINGTON       1942  110  113  143  264  271  294  364  338  228  238  154  142   2659
 14931     0  0  IA BURLINGTON       1943  153  233  257  258  204  274  343  255  213  212  -99  -99    -99
 14931     0  0  IA BURLINGTON       1944  167  144  129  159  216  287  347  325  258  265   61  105   2463
 14931     0  0  IA BURLINGTON       1945  122   97  229  214  261  260  387  336  206  231  145  105   2593
 14931     0  0  IA BURLINGTON       1946  154  143  193  262  240  347  368  275  305  198  142  170   2797
 14931     0  0  IA BURLINGTON       1947  170  156  176  190  274  265  389  356  274  208   76  102   2636
 14931     0  0  IA BURLINGTON       1948  140  145  221  274  305  291  332  336  277  233  110  146   2810
 14931     0  0  IA BURLINGTON       1949  111  157  182  272  317  340  348  344  253  228  185  152   2889
 14931     0  0  IA BURLINGTON       1950  139  163  158  211  258  314  300  232  209  271  131  135   2521
 14931     0  0  IA BURLINGTON       1951  144  131  177  179  299  178  273  272  219  186  197  148   2403
 14931     0  0  IA BURLINGTON       1952  139  166  191  284  294  378  364  324  321  293  223  115   3092
 14931     0  0  IA BURLINGTON       1953  108  192  203  222  304  369  397  382  340  281  213  182   3193
 14931     0  0  IA BURLINGTON       1954  184  202  232  273  321  372  363  309  299  222  194  140   3111
 14931     0  0  IA BURLINGTON       1955  170  180  251  296  333  339  416  388  303  245  211  201   3333
 14931     0  0  IA BURLINGTON       1956  172  194  259  259  345  388  348  349  330  320  189  135   3288
 14931     0  0  IA BURLINGTON       1957  154  157  227  200  258  328  364  339  284  246  142  160   2859
 14931     0  0  IA BURLINGTON       1958  164  235  183  259  350  313  264  334  278  285  204  192   3061
 14931     0  0  IA BURLINGTON       1959  169  183  242  251  289  357  356  327  251  180  180  104   2889
 14931     0  0  IA BURLINGTON       1960  151  148  259  259  260  297  382  384  289  272  210  198   3109
 14931     0  0  IA BURLINGTON       1961  222  160  158  218  323  376  345  361  238  246  155  133   2935
 14931     0  0  IA BURLINGTON       1962  182  124  190  279  309  361  314  338  280  221  185  184   2967
 14931     0  0  IA BURLINGTON       1963  141  175  198  263  305  389  364  287  256  279  163  184   3004
 14931     0  0  IA BURLINGTON       1964  200  191  205  181  292  298  355  325  276  288  195  118   2925
 14932     0  0  IA DAVENPORT        1933  129  197  146  204  204  385  351  274  231  195  138   72   2525
 14932     0  0  IA DAVENPORT        1934  125  172  216  266  375  368  320  287  190  254  150   78   2801
 14932     0  0  IA DAVENPORT        1935  124   95  185  194  193  240  368  324  243  188   88   87   2329
 14932     0  0  IA DAVENPORT        1936  131  143  216  245  322  329  397  346  213  192  165  139   2836
 14932     0  0  IA DAVENPORT        1937  123  163  202  161  288  324  369  299  280  138  190   94   2631
 14932     0  0  IA DAVENPORT        1938  118   87  220  251  247  313  330  288  212  247  176  107   2596
 14932     0  0  IA DAVENPORT        1939  103  149  263  217  332  304  330  267  297  209  152  134   2757
 14932     0  0  IA DAVENPORT        1940  141  105  147  219  239  307  365  216  286  201  142   92   2460
 14932     0  0  IA DAVENPORT        1941  102  166  243  230  347  268  334  261  246  154  140   73   2564
 14932     0  0  IA DAVENPORT        1942  156  103  127  270  235  250  327  273  189  201  111   84   2326
 14933 14967  1  IA DES MOINES       1894  142  208  229  210  351  352  377  330  -99  207  126  159    -99
 14933 14967  0  IA DES MOINES       1895  172  185  239  250  262  272  327  348  314  285  132  137   2923
 14933 14967  0  IA DES MOINES       1896  145  191  189  260  279  278  289  266  192  259  131  136   2614
 14933 14967  0  IA DES MOINES       1897  158  112  149  188  324  257  326  317  311  226  163  145   2676
 14933 14967  0  IA DES MOINES       1898  155  179  233  244  202  296  367  334  255  133  173  163   2732
 14933 14967  0  IA DES MOINES       1899  183  186  175  215  197  217  300  271  247  249  167  130   2538
 14933 14967  0  IA DES MOINES       1900  164  129  194  243  275  339  300  279  203  196  115  114   2552
 14933 14967  0  IA DES MOINES       1901  167  181  181  244  313  329  390  319  200  230  213  144   2910
 14933 14967  0  IA DES MOINES       1902  174  168  215  310  241  222  268  218  198  233  122  102   2472
 14933 14967  0  IA DES MOINES       1903  166  185  182  205  256  280  325  250  193  221  154  112   2528
 14933 14967  0  IA DES MOINES       1904  122  120  142  256  280  306  329  335  241  213  208  154   2706
 14933 14967  0  IA DES MOINES       1905  158  195  174  237  279  278  278  310  221  206  181  191   2708
 14933 14967  0  IA DES MOINES       1906  156  193  163  256  310  337  348  300  216  176   94  103   2651
 14933 14967  0  IA DES MOINES       1907   81  142  197  206  202  260  321  290  231  220  172  107   2427
 14933 14967  0  IA DES MOINES       1908  181  157  190  250  227  242  309  279  298  206  160  172   2671
 14933 14967  0  IA DES MOINES       1909   82  142  181  189  299  282  290  361  238  202   99  110   2474
 14933 14967  0  IA DES MOINES       1910  150  140  291  207  247  298  288  258  200  251  166  154   2651
 14933 14967  0  IA DES MOINES       1911   99  142  271  241  270  323  384  320  205  181  169  144   2749
 14933 14967  0  IA DES MOINES       1912  187  196  235  288  349  335  369  273  196  258  239  209   3135
 14933 14967  0  IA DES MOINES       1913  215  191  230  273  261  368  406  339  261  237  149  165   3095
 14933 14967  0  IA DES MOINES       1914  145  171  236  251  318  343  401  337  242  220  228  126   3020
 14933 14967  0  IA DES MOINES       1915  165  128  154  291  233  310  270  303  230  242  177  127   2629
 14933 14967  0  IA DES MOINES       1916  135  196  232  221  302  335  420  336  264  208  179  167   2995
 14933 14967  0  IA DES MOINES       1917  198  181  230  169  262  286  415  300  201  175  156  131   2704
 14933 14967  0  IA DES MOINES       1918  168  174  285  266  346  346  355  269  225  171  152  113   2870
 14933 14967  0  IA DES MOINES       1919  214  136  229  194  278  247  364  308  234  174  149  105   2632
 14933 14967  0  IA DES MOINES       1920  136  132  237  188  283  291  343  302  255  237  146  150   2700
 14933 14967  0  IA DES MOINES       1921  157  179  225  241  318  311  382  330  236  237  134  166   2916
 14933 14967  0  IA DES MOINES       1922  190  216  170  207  255  333  261  286  259  247  157  168   2750
 14933 14967  0  IA DES MOINES       1923  119  197  239  279  286  262  348  239  196  218  185  164   2730
 14933 14967  0  IA DES MOINES       1924  196  190  136  286  265  308  351  286  226  268  169  146   2826
 14933 14967  0  IA DES MOINES       1925  203  165  281  254  328  319  376  294  214  120  179  147   2880
 14933 14967  0  IA DES MOINES       1926  182  160  196  266  326  362  296  273  137  183  134  119   2635
 14933 14967  0  IA DES MOINES       1927  204  184  190  191  248  285  353  284  244  241   99  159   2680
 14933 14967  0  IA DES MOINES       1928  189  186  222  230  326  260  342  316  278  193  154  136   2833
 14933 14967  0  IA DES MOINES       1929  139  157  209  214  262  323  279  301  221  197  176  141   2618
 14933 14967  0  IA DES MOINES       1930  187  181  272  256  270  319  372  275  284  198  207  137   2959
 14933 14967  0  IA DES MOINES       1931  207  209  190  244  296  356  352  297  225  179  108  116   2780
 14933 14967  0  IA DES MOINES       1932  121  184  205  228  315  296  353  261  303  169  167  166   2768
 14933 14967  0  IA DES MOINES       1933  173  226  201  226  228  376  343  245  256  239  174  160   2848
 14933 14967  0  IA DES MOINES       1934  129  220  220  300  400  362  354  267  195  261  127   74   2909
 14933 14967  0  IA DES MOINES       1935  138  137  212  195  182  276  384  323  257  205   93  111   2513
 14933 14967  0  IA DES MOINES       1936  132  161  262  287  318  360  435  319  231  212  193  135   3045
 14933 14967  0  IA DES MOINES       1937  177  174  195  187  293  327  350  352  314  209  179  124   2881
 14933 14967  0  IA DES MOINES       1938  150  115  198  226  219  335  381  334  279  265  186  174   2862
 14933 14967  0  IA DES MOINES       1939  149  202  261  254  343  296  396  306  333  261  194  177   3172
 14933 14967  0  IA DES MOINES       1940  193  126  169  208  293  318  341  214  309  258  134  110   2673
 14933 14967  0  IA DES MOINES       1941  134  203  252  250  356  286  382  358  218  162  137  126   2865
 14933 14967  0  IA DES MOINES       1942  216  111  146  300  277  270  352  345  199  237  135  114   2702
 14933 14967  0  IA DES MOINES       1943  169  247  286  250  199  290  368  247  270  264  174  208   2972
 14933 14967  0  IA DES MOINES       1944  213  188  164  161  282  286  351  257  250  264   97  150   2663
 14933 14967  0  IA DES MOINES       1945  138  157  258  245  258  251  354  308  225  236  155  123   2708
 14933 14967  0  IA DES MOINES       1946  181  192  199  315  273  342  334  254  258  193  152  143   2836
 14933 14967  0  IA DES MOINES       1947  169  114  142  173  260  237  373  348  280  194   75   92   2457
 14933 14967  0  IA DES MOINES       1948  160  174  285  265  276  283  327  303  305  243  109  136   2866
 14933 14967  0  IA DES MOINES       1949  119  158  122  261  252  270  315  324  297  234  210  164   2726
 14933 14967  0  IA DES MOINES       1950  165  160  157  179  219  283  276  241  236  257  152  100   2425
 14933 14933  1  IA DES MOINES       1951  168  118  143  155  276  194  276  299  203  166  138   86   2222
 14933     0  0  IA DES MOINES       1952  153  134  187  247  286  333  351  284  309  284  172  109   2849
 14933     0  0  IA DES MOINES       1953  106  149  183  195  249  321  357  354  327  257  181  147   2826
 14933     0  0  IA DES MOINES       1954  153  182  205  250  270  316  316  250  261  170  197  118   2688
 14933     0  0  IA DES MOINES       1955  116  137  243  291  320  309  404  367  296  236  171  145   3035
 14933     0  0  IA DES MOINES       1956  117  199  255  276  286  369  324  303  289  262  161  133   2974
 14933     0  0  IA DES MOINES       1957  151  139  208  213  235  295  323  276  242  208  142  160   2592
 14933     0  0  IA DES MOINES       1958  138  206  153  238  326  290  240  302  224  253  186  164   2720
 14933     0  0  IA DES MOINES       1959  164  172  199  238  228  335  335  279  220  194  179  100   2643
 14933     0  0  IA DES MOINES       1960  152  175  180  236  259  232  337  339  282  228  192  201   2813
 14933     0  0  IA DES MOINES       1961  223  168  148  172  311  325  319  310  195  252  136   91   2650
 14933     0  0  IA DES MOINES       1962  143   88  196  224  296  319  292  292  250  196  124  117   2537
 14933     0  0  IA DES MOINES       1963  119  149  203  208  202  313  333  234  205  250  146  156   2518
 14933     0  0  IA DES MOINES       1964  182  198  234  168  275  265  329  290  217  235  132  129   2653
 14933     0  0  IA DES MOINES       1965  151  186  206  183  276  280  317  269  140  234  138  144   2524
 14933     0  0  IA DES MOINES       1966  187  206  231  187  299  304  362  354  259  246  136  141   2912
 14933     0  0  IA DES MOINES       1967  170  186  210  171  233  254  383  346  267  201  163  102   2685
 14933     0  0  IA DES MOINES       1968  150  197  261  210  233  315  346  286  243  194   81  139   2654
 14933     0  0  IA DES MOINES       1969  103  108  237  246  227  254  262  324  243  152  162  102   2419
 14933     0  0  IA DES MOINES       1970  154  210  220  263  314  381  388  299  205  182  108  161   2883
 14933     0  0  IA DES MOINES       1971  176  139  222  317  307  374  296  274  254  186  145   66   2755
 14933     0  0  IA DES MOINES       1972  158  175  171  163  286  324  255  262  198  174   84  122   2370
 14933     0  0  IA DES MOINES       1973  161  140  103  218  250  296  283  319  169  224  128  120   2410
 14933     0  0  IA DES MOINES       1974  158  165  187  225  222  334  379  266  259  205  147  132   2678
 14933     0  0  IA DES MOINES       1975  114   99  201  202  269  238  400  290  224  294  109  116   2555
 14933     0  0  IA DES MOINES       1976  184  197  216  255  294  353  346  308  264  203  209  179   3007
 14933     0  0  IA DES MOINES       1977  142  195  209  243  300  332  368  240  219  186  121  112   2666
 14933     0  0  IA DES MOINES       1978  157  111  251  181  238  329  317  337  289  224  123   99   2657
 14933     0  0  IA DES MOINES       1979  122  156  127  199  311  322  314  296  337  225  163  150   2722
 14933     0  0  IA DES MOINES       1980   99  124  169  259  283  335  326  288  261  229  184  119   2675
 14933     0  0  IA DES MOINES       1981  215  200  292  250  257  297  314  313  294  181  125  127   2868
 14933     0  0  IA DES MOINES       1982  140  165  187  221  248  325  369  247  220  201  107  111   2542
 14933     0  0  IA DES MOINES       1983  122  117  153  182  282  302  399  370  280  174  120  156   2658
 14933     0  0  IA DES MOINES       1984  205  177  175  175  288  304  358  343  219  132  176  125   2676
 14933     0  0  IA DES MOINES       1985  177  163  214  268  333  335  358  291  209  168   97  165   2778
 14933     0  0  IA DES MOINES       1986  183  160  284  228  279  331  377  312  201  182  156  125   2818
 14933     0  0  IA DES MOINES       1987  142  148  196  296  333  363  372  273  276  227  133  108   2867
 14934     0  0  IA DUBUQUE          1896  -99  -99  -99  -99  -99  325  317  -99  -99  149   83   71    -99
 14934     0  0  IA DUBUQUE          1897  104   85  150  180  326  254  336  275  -99  238  125  117    -99
 14934     0  0  IA DUBUQUE          1898  140  148  207  253  280  264  387  297  272  110  168  169   2695
 14934     0  0  IA DUBUQUE          1899  175  181  187  267  249  297  348  308  266  212  118  141   2747
 14934     0  0  IA DUBUQUE          1900  130  134  184  261  290  370  338  329  225  202  137  118   2717
 14934     0  0  IA DUBUQUE          1901  164  210  167  282  276  345  377  329  195  214  164   85   2806
 14934     0  0  IA DUBUQUE          1902  196  191  148  236  219  157  213  168  173  151   87   87   2024
 14934     0  0  IA DUBUQUE          1903  107  129  112  160  162  270  278  242  244  245  179  150   2276
 14934     0  0  IA DUBUQUE          1904  176  183  219  269  326  292  286  247  160  153  169  146   2625
 14934     0  0  IA DUBUQUE          1905  178  178  124  184  232  298  217  209  209  198  169  152   2350
 14934     0  0  IA DUBUQUE          1906  117  168  135  247  256  284  353  283  237  161   85   86   2412
 14934     0  0  IA DUBUQUE          1907   97  167  185  192  177  247  273  242  175  190  181  113   2240
 14934     0  0  IA DUBUQUE          1908  158  157  203  246  220  287  389  292  254  195  139  124   2664
 14934     0  0  IA DUBUQUE          1909   88  110  167  166  266  216  301  277  202  199  134  102   2229
 14934     0  0  IA DUBUQUE          1910  125  185  310  230  290  374  349  232  200  225  148  141   2810
 14934     0  0  IA DUBUQUE          1911   94  143  243  194  316  309  327  270  198  140  102  139   2476
 14934     0  0  IA DUBUQUE          1912  178  137  217  256  281  332  346  273  216  229  169  156   2791
 14934     0  0  IA DUBUQUE          1913  143  205  190  258  232  358  371  258  225  175  137  140   2693
 14934     0  0  IA DUBUQUE          1914   70  139  205  239  325  277  363  313  272  188  199  117   2708
 14934     0  0  IA DUBUQUE          1915  149  115  206  264  171  252  206  260  196  192  120  109   2238
 14934     0  0  IA DUBUQUE          1916  144  204  218  226  247  320  403  324  244  200  147  174   2853
 14934     0  0  IA DUBUQUE          1917  199  184  225  213  295  245  331  317  234  131  137  114   2624
 14934     0  0  IA DUBUQUE          1918  177  189  282  262  301  290  340  281  207  194  160   96   2779
 14934     0  0  IA DUBUQUE          1919  188  152  234  186  278  297  382  356  238  174  144  108   2738
 14934     0  0  IA DUBUQUE          1920  164  132  242  230  321  318  329  279  223  203  100   83   2623
 14934     0  0  IA DUBUQUE          1921  127  124  175  225  279  286  354  246  226  186  102  104   2434
 14934     0  0  IA DUBUQUE          1922  198  190  173  191  237  316  275  259  238  238   90  112   2517
 14934     0  0  IA DUBUQUE          1923  106  154  188  221  286  308  300  227  183  181  131  112   2397
 14934     0  0  IA DUBUQUE          1924  158  101  101  251  222  212  298  243  210  255  139  119   2308
 14934     0  0  IA DUBUQUE          1925  156  132  248  243  338  323  305  303  200   81  158  114   2600
 14934     0  0  IA DUBUQUE          1926  129  100  157  282  294  326  269  233  108  124   73   89   2184
 14934     0  0  IA DUBUQUE          1927  124  178  180  169  176  291  323  253  225  199   59   76   2254
 14934     0  0  IA DUBUQUE          1928  173  164  202  236  312  225  304  309  259  156  103  100   2544
 14934     0  0  IA DUBUQUE          1929  123  132  159  218  298  311  314  275  209  160  155  103   2456
 14934     0  0  IA DUBUQUE          1930  148  128  216  250  280  312  374  292  278  142  168  104   2692
 14934     0  0  IA DUBUQUE          1931  128  145  139  262  247  322  377  266  216  151   91   89   2433
 14934     0  0  IA DUBUQUE          1932   70  158  188  239  297  299  374  277  301  107  135  144   2589
 14934     0  0  IA DUBUQUE          1933  129  190  177  219  264  384  362  348  238  200  113   60   2684
 14934     0  0  IA DUBUQUE          1934  124  197  195  263  389  367  321  290  173  214  134   80   2747
 14934     0  0  IA DUBUQUE          1935  132  103  187  225  261  274  385  353  255  199   72   70   2516
 14934     0  0  IA DUBUQUE          1936  122  122  196  251  333  351  418  365  243  187  158  117   2863
 14934     0  0  IA DUBUQUE          1937  126  151  201  152  301  321  396  338  278  155  173   72   2664
 14934     0  0  IA DUBUQUE          1938  106   74  212  255  248  298  334  310  204  226  177  130   2574
 14934     0  0  IA DUBUQUE          1939  167  216  291  222  373  293  334  267  278  202  163  123   2929
 14934     0  0  IA DUBUQUE          1940  164  108  171  200  232  326  373  221  267  225  140   80   2507
 14934     0  0  IA DUBUQUE          1941   82  162  187  228  336  270  383  330  231  152  130   73   2563
 14934     0  0  IA DUBUQUE          1942  159  110  135  296  205  272  354  292  186  187  103  106   2405
 14934     0  0  IA DUBUQUE          1943  148  203  191  231  176  277  375  263  246  208  154  195   2667
 14934     0  0  IA DUBUQUE          1944  183  157  173  190  246  289  353  303  215  224   82  108   2523
 14934     0  0  IA DUBUQUE          1945  132  135  231  244  244  238  349  339  254  240  119  128   2653
 14934     0  0  IA DUBUQUE          1946  165  174  202  331  280  309  345  336  286  216  132  131   2907
 14934     0  0  IA DUBUQUE          1947  173  178  214  174  264  243  376  346  268  209   83   85   2613
 14934     0  0  IA DUBUQUE          1948  179  159  227  284  294  314  393  336  292  242   80  173   2973
 14934     0  0  IA DUBUQUE          1949  129  162  171  309  298  333  334  353  247  224  146  130   2836
 14934     0  0  IA DUBUQUE          1950  149  161  165  205  304  305  329  268  221  232  135  121   2595
 14943 14987  1  IA SIOUX CITY       1908  240  201  217  279  259  238  309  283  291  172  163  155   2807
 14943 14987  0  IA SIOUX CITY       1909  104  131  204  188  241  230  255  349  207  192  139   98   2339
 14943 14987  0  IA SIOUX CITY       1910  127  175  241  245  233  310  326  318  223  264  167  134   2763
 14943 14987  0  IA SIOUX CITY       1911  134  165  242  188  303  366  378  301  208  184  152  137   2760
 14943 14987  0  IA SIOUX CITY       1912  134  158  218  224  304  291  327  315  211  258  217  190   2846
 14943 14987  0  IA SIOUX CITY       1913  194  202  204  256  215  370  376  295  254  191  111  173   2841
 14943 14987  0  IA SIOUX CITY       1914  180  164  210  210  268  266  365  273  230  201  194  118   2680
 14943 14987  0  IA SIOUX CITY       1915  146   99  122  246  187  246  232  268  192  230  142  117   2228
 14943 14987  0  IA SIOUX CITY       1916  152  201  213  216  295  295  387  294  261  188  199  172   2874
 14943 14987  0  IA SIOUX CITY       1917  195  174  196  159  266  305  403  332  201  184  162  128   2704
 14943 14987  0  IA SIOUX CITY       1918  149  216  284  252  280  336  296  291  244  181  148  117   2796
 14943 14987  0  IA SIOUX CITY       1919  221  169  222  139  237  174  323  305  201  146  122  135   2393
 14943 14987  0  IA SIOUX CITY       1920  105   90  220  173  236  248  296  314  294  248   95  121   2439
 14943 14987  0  IA SIOUX CITY       1921  111  159  216  222  267  344  311  258  223  229  104  141   2584
 14943 14987  0  IA SIOUX CITY       1922  161  200  205  214  245  278  244  310  272  264  138  149   2680
 14943 14987  0  IA SIOUX CITY       1923  124  198  221  230  255  246  354  283  243  211  190  161   2715
 14943 14987  0  IA SIOUX CITY       1924  199  189  176  285  259  269  369  316  239  268  181  142   2892
 14943 14987  0  IA SIOUX CITY       1925  170  158  273  256  347  322  369  314  237  152  185  140   2923
 14943 14987  0  IA SIOUX CITY       1926  123  156  232  280  285  295  292  315  192  208  107  114   2599
 14943 14987  0  IA SIOUX CITY       1927  174  163  167  173  227  306  378  265  232  245  111  147   2588
 14943 14987  0  IA SIOUX CITY       1928  187  204  223  233  334  295  330  288  269  177  153  151   2844
 14943 14987  0  IA SIOUX CITY       1929  123  136  215  235  320  273  331  364  185  178  158  148   2667
 14943 14987  0  IA SIOUX CITY       1930  214  190  286  225  259  347  373  245  269  226  202  132   2969
 14943 14987  0  IA SIOUX CITY       1931  200  205  180  286  313  337  374  335  260  191  123  146   2950
 14943 14987  0  IA SIOUX CITY       1932  140  206  239  247  313  332  341  308  297  184  159  160   2926
 14943 14987  0  IA SIOUX CITY       1933  171  226  225  266  281  384  378  297  264  253  156  159   3059
 14943 14987  0  IA SIOUX CITY       1934  141  204  240  312  396  360  349  314  248  259  136   87   3046
 14943 14987  0  IA SIOUX CITY       1935  152  171  251  201  149  312  406  345  278  187  118  125   2694
 14943 14987  0  IA SIOUX CITY       1936  141  185  252  283  341  364  429  336  259  221  196  107   3114
 14943 14987  0  IA SIOUX CITY       1937  160  183  209  192  308  332  384  359  306  228  186  147   2994
 14943 14987  0  IA SIOUX CITY       1938  144  138  213  237  262  338  394  354  272  274  174  179   2979
 14943 14987  0  IA SIOUX CITY       1939  171  208  278  306  378  357  395  344  319  246  218  158   3378
 14943 14987  0  IA SIOUX CITY       1940  187  115  153  215  371  373  359  284  294  255  101  120   2827
 14943 14943  5  IA SIOUX CITY       1941  158  165  218  196  309  280  336  331  224  174  139  109   2641
 14943     0  0  IA SIOUX CITY       1942  193  118  145  272  249  261  371  335  197  246  137   99   2623
 14943     0  0  IA SIOUX CITY       1943  123  209  245  279  272  288  361  286  277  252  151  212   2955
 14943     0  0  IA SIOUX CITY       1944  184  196  190  187  310  323  376  320  268  265   62  142   2823
 14943     0  0  IA SIOUX CITY       1945  121  132  272  238  257  248  370  313  252  257  166  115   2741
 14943     0  0  IA SIOUX CITY       1946  179  209  231  296  267  292  305  303  238  185  173  176   2854
 14943     0  0  IA SIOUX CITY       1947  205  198  197  192  328  253  373  359  267  242  157  193   2964
 14943     0  0  IA SIOUX CITY       1948  178  176  258  261  278  286  354  321  274  244  141  156   2927
 14943     0  0  IA SIOUX CITY       1949  144  177  144  303  294  304  348  319  281  232  244  163   2953
 14943     0  0  IA SIOUX CITY       1950  186  221  241  272  306  367  313  288  305  281  183  120   3083
 14943     0  0  IA SIOUX CITY       1951  157  129  200  187  342  279  335  247  189  197  183  131   2576
 14943     0  0  IA SIOUX CITY       1952  189  161  168  261  325  387  378  284  308  290  197  152   3100
 14943     0  0  IA SIOUX CITY       1953  159  137  203  209  308  354  362  359  335  278  163  157   3024
 14943     0  0  IA SIOUX CITY       1954  166  180  179  269  325  295  353  259  270  123  206  151   2776
 14943     0  0  IA SIOUX CITY       1955  155  118  249  317  335  265  401  367  270  248  141  122   2988
 14943     0  0  IA SIOUX CITY       1956  116  192  263  283  302  374  355  351  297  254  149  143   3079
 14943     0  0  IA SIOUX CITY       1957  209  196  239  249  230  300  342  310  252  160   94  160   2741
 14943     0  0  IA SIOUX CITY       1958  166  204  223  268  337  303  263  382  293  284  188  183   3094
 14943     0  0  IA SIOUX CITY       1959  166  176  209  268  238  353  378  311  216  197  166  132   2811
 14943     0  0  IA SIOUX CITY       1960  168  178  175  267  289  284  404  314  302  250  198  187   3016
 14943     0  0  IA SIOUX CITY       1961  231  165  205  211  252  330  317  366  196  244  140  114   2771
 14943     0  0  IA SIOUX CITY       1962  184  127  178  268  237  279  306  299  236  198  159  154   2625
 14943     0  0  IA SIOUX CITY       1963  148  166  236  188  239  310  333  216  214  217  218  167   2652
 14943     0  0  IA SIOUX CITY       1964  225  202  250  179  296  280  378  258  231  283  188  139   2909
 14943     0  0  IA SIOUX CITY       1965  184  217  205  194  287  227  287  280  130  279  184  133   2605
 14943     0  0  IA SIOUX CITY       1966  195  212  288  195  344  347  362  315  244  247  168  148   3063
 14943     0  0  IA SIOUX CITY       1967  147  192  258  244  241  321  405  387  292  220  180  134   3020
 14943     0  0  IA SIOUX CITY       1968  188  172  293  245  276  317  346  319  270  205  132  117   2882
 14943     0  0  IA SIOUX CITY       1969   91  134  248  260  232  266  315  313  264  142  175  107   2547
 14943     0  0  IA SIOUX CITY       1970  156  211  199  235  277  362  346  260  218  173  130  162   2728
 14943     0  0  IA SIOUX CITY       1971  181  176  246  300  291  335  353  345  243  189  147  114   2920
 14943     0  0  IA SIOUX CITY       1972  190  200  236  192  242  305  301  287  212  183   75  126   2549
 14943     0  0  IA SIOUX CITY       1973  187  134  120  253  305  382  315  324  153  208  101  112   2594
 14943     0  0  IA SIOUX CITY       1974  191  157  207  268  302  382  385  306  281  201  147  161   2988
 14943     0  0  IA SIOUX CITY       1975  129  140  199  158  311  304  396  302  250  290  146  114   2738
 14943     0  0  IA SIOUX CITY       1976  191  223  222  269  339  387  356  326  262  238  204  202   3218
 14943     0  0  IA SIOUX CITY       1977  180  194  208  280  294  333  357  256  230  184  151  152   2817
 14943     0  0  IA SIOUX CITY       1978  170  147  256  151  265  338  333  334  286  227  128  155   2789
 14943     0  0  IA SIOUX CITY       1979  182  175  161  224  278  305  263  266  317  187  128  163   2649
 14943     0  0  IA SIOUX CITY       1980  146  117  223  308  282  323  356  289  272  219  190  141   2866
 14943     0  0  IA SIOUX CITY       1981  199  188  263  245  291  310  255  277  274  185  132  119   2737
 14943     0  0  IA SIOUX CITY       1982  151  179  183  253  146  270  306  218  196  159  118  138   2318
 14943     0  0  IA SIOUX CITY       1983  134   78  149  197  293  231  351  312  234  156   57  119   2313
 14943     0  0  IA SIOUX CITY       1984  193  140  123  186  276  317  330  314  245  151  154  153   2583
 14943     0  0  IA SIOUX CITY       1985  152  165  236  256  312  292  296  227  138  147   99  133   2453
 14943     0  0  IA SIOUX CITY       1986  170  100  199  204  253  260  324  258  153  192  188  130   2431
 14943     0  0  IA SIOUX CITY       1987  138  139  166  268  235  292  305  210  240  202  126  104   2425
 14966     0  0  IA CHARLES CITY     1905  201  201  138  243  211  247  308  287  192  180  155  168   2532
 14966     0  0  IA CHARLES CITY     1906  126  174  147  255  279  349  386  330  282  213  115  221   2878
 14966     0  0  IA CHARLES CITY     1907  124  196  258  323  334  373  381  336  286  253  206  137   3207
 14966     0  0  IA CHARLES CITY     1908  249  204  232  300  317  333  378  346  332  249  173  174   3287
 14966     0  0  IA CHARLES CITY     1909  134  163  255  234  318  340  373  356  245  232  135   99   2883
 14966     0  0  IA CHARLES CITY     1910  132  196  320  287  351  387  410  329  253  245  136  163   3209
 14966     0  0  IA CHARLES CITY     1911  120  157  248  240  360  395  404  325  243  193  137  143   2967
 14966     0  0  IA CHARLES CITY     1912  196  192  258  293  357  395  387  282  235  247  202  180   3223
 14966     0  0  IA CHARLES CITY     1913  172  204  217  283  256  384  401  342  260  222  138  133   3010
 14966     0  0  IA CHARLES CITY     1914   70  157  201  187  308  295  375  299  256  198  180  105   2632
 14966     0  0  IA CHARLES CITY     1915  140  129  200  271  198  271  216  250  161  204   89   90   2219
 14966     0  0  IA CHARLES CITY     1916  107  148  153  175  256  244  329  304  174  174  123  136   2322
 14966     0  0  IA CHARLES CITY     1917  182  170  188  147  263  208  317  260  178   66  116   78   2174
 14966     0  0  IA CHARLES CITY     1918  109  144  252  236  234  260  304  270  227  165  128   65   2394
 14966     0  0  IA CHARLES CITY     1919  161  135  189  156  269  243  395  364  224  143  105   93   2479
 14966     0  0  IA CHARLES CITY     1920  108   87  197  145  281  296  320  276  209  183   77   71   2250
 14966     0  0  IA CHARLES CITY     1921   70  117  173  176  224  296  352  260  199  147   75  106   2194
 14966     0  0  IA CHARLES CITY     1922  126  136  170  194  256  340  300  316  267  233   83  144   2565
 14966     0  0  IA CHARLES CITY     1923   98  159  211  270  290  329  361  254  194  214  169  144   2693
 14966     0  0  IA CHARLES CITY     1924  194  163  157  262  234  244  311  298  220  265  141  117   2605
 14966     0  0  IA CHARLES CITY     1925  166  130  262  267  348  338  353  320  245  102  175  112   2818
 14966     0  0  IA CHARLES CITY     1926  155  122  189  298  326  341  320  309  171  164   94   98   2587
 14966     0  0  IA CHARLES CITY     1927  146  159  197  183  206  290  375  329  231  214   91  128   2550
 14966     0  0  IA CHARLES CITY     1928  180  186  235  251  373  276  365  324  282  192  119  108   2892
 14966     0  0  IA CHARLES CITY     1929  138  128  174  228  278  282  319  336  240  170  148  128   2569
 14966     0  0  IA CHARLES CITY     1930  173  142  261  257  278  297  354  300  304  150  183  116   2816
 14966     0  0  IA CHARLES CITY     1931  159  180  192  286  263  331  387  292  228  173  115  104   2709
 14966     0  0  IA CHARLES CITY     1932  109  172  182  208  286  271  368  266  311  132  136  153   2594
 14966     0  0  IA CHARLES CITY     1933  129  185  196  231  196  357  330  297  246  208  127   93   2593
 14966     0  0  IA CHARLES CITY     1934  101  177  208  247  365  349  302  278  185  232  111   80   2635
 14966     0  0  IA CHARLES CITY     1935  127  117  184  183  224  247  359  313  234  186   95   74   2343
 14966     0  0  IA CHARLES CITY     1936  146  156  178  227  290  309  394  304  240  194  171  111   2722
 14966     0  0  IA CHARLES CITY     1937  174  178  236  159  308  297  368  329  272  179  169   98   2767
 14966     0  0  IA CHARLES CITY     1938  142   95  174  205  220  283  334  315  228  241  167  109   2513
 14966     0  0  IA CHARLES CITY     1939  108  178  245  233  368  312  361  284  289  220  198  154   2950
 14966     0  0  IA CHARLES CITY     1940  177  129  183  194  284  348  336  211  306  220  120   78   2586
 14966     0  0  IA CHARLES CITY     1941  106  177  200  209  324  251  332  324  236  166  120  118   2563
 14966     0  0  IA CHARLES CITY     1942  189  147  160  296  241  225  302  294  188  228  127   94   2491
 14966     0  0  IA CHARLES CITY     1943  134  198  230  249  203  286  329  250  224  213  136  188   2640
 14966     0  0  IA CHARLES CITY     1944  175  179  161  193  217  305  359  309  218  235   53  123   2527
 14966     0  0  IA CHARLES CITY     1945  123  122  228  203  225  228  313  301  203  223   91  123   2383
 14966     0  0  IA CHARLES CITY     1946  152  149  164  270  231  272  295  278  222  180  134  144   2491
 14966     0  0  IA CHARLES CITY     1947  165  131  171  152  247  248  382  352  252  211  107  102   2520
 14966     0  0  IA CHARLES CITY     1948  179  172  244  253  259  242  315  280  288  264  103  150   2749
 14966     0  0  IA CHARLES CITY     1949  127  151  146  314  247  316  334  319  247  196  138  122   2657
 14966     0  0  IA CHARLES CITY     1950  139  181  144  197  232  318  298  277  224  236  138  118   2502
 14966     0  0  IA CHARLES CITY     1951  147  -99  162  131  238  191  270  223  210  163  133  108    -99
 14966     0  0  IA CHARLES CITY     1952  127  136  185  244  217  278  316  266  258  264  172   75   2538
 14969 99999  1  IA KEOKUK           1921  166  175  216  251  314  293  347  290  218  235  125  151   2780
 14969 99999  0  IA KEOKUK           1930  172  179  279  276  307  325  368  281  256  218  201  150   3011
 14969 99999  0  IA KEOKUK           1931  206  183  200  237  284  353  379  341  282  210  132  119   2926
 14969 99999  0  IA KEOKUK           1932  120  188  234  262  366  349  361  295  305  202  190  159   3031
 14969 99999  0  IA KEOKUK           1933  175  212  207  239  262  393  391  313  276  231  198  113   3009
 14969 99999  0  IA KEOKUK           1934  156  217  211  260  362  342  306  264  194  259  146   83   2800
 14969 99999  0  IA KEOKUK           1935  122   99  173  179  153  234  370  327  267  180  101  130   2335
 14969 99999  0  IA KEOKUK           1936  185  229  274  273  331  352  404  320  188  175  202  168   3101
 14969 99999  0  IA KEOKUK           1937  123  180  219  188  312  335  369  333  312  197  185   87   2840
 14969 99999  0  IA KEOKUK           1938  124  100  216  264  296  343  373  338  282  277  174  135   2922
 14969 99999  0  IA KEOKUK           1939  138  131  235  198  323  300  318  288  303  238  149  155   2776
 14969 99999  0  IA KEOKUK           1940  156   98  166  220  282  327  401  258  311  272  139  103   2733
 14969 99999  0  IA KEOKUK           1941   94  159  223  236  368  303  364  330  269  159  147   67   2718
