 12916 12930  1  LA NEW ORLEANS      1891  112  -99  109  102  288  243  186  -99  243  288  183   90    -99
 12916 12930  0  LA NEW ORLEANS      1892  158  171  217  150  295  207  186  202  231  239  108  105   2269
 12916 12930  0  LA NEW ORLEANS      1893  165  151  219  214  206  169  208  204  194  210  153  210   2303
 12916 12930  0  LA NEW ORLEANS      1894  160  110  204  251  303  243  249  269  297  -99  197  207    -99
 12916 12930  0  LA NEW ORLEANS      1895  139  127  201  252  234  211  268  247  308  284  182  195   2646
 12916 12930  0  LA NEW ORLEANS      1896  138  186  181  194  284  262  283  259  227  138  113  159   2424
 12916 12930  0  LA NEW ORLEANS      1897  104   75   98  126  265  187  199  174  211  207  184  173   2002
 12916 12930  0  LA NEW ORLEANS      1898  157  225  166  258  314  233  200   97  160  225  106   74   2215
 12916 12930  0  LA NEW ORLEANS      1899  106   94  224  246  316  318  328  351  329  217  186  112   2826
 12916 12930  0  LA NEW ORLEANS      1900  113  162  197  216  250  154  135  224  306  192  187  113   2249
 12916 12930  0  LA NEW ORLEANS      1901  178  145  253  269  295  214  186  155  246  272  173  137   2523
 12916 12930  0  LA NEW ORLEANS      1902  183  132  168  229  296  349  161  166  119  250  178  133   2363
 12916 12930  0  LA NEW ORLEANS      1903  182  133  187  273  230  216  191  172  305  230  217  216   2551
 12916 12930  0  LA NEW ORLEANS      1904  202  151  256  318  360  289  169  169  228  252  165  161   2719
 12916 12930  0  LA NEW ORLEANS      1905  178  136  206  229  194  313  274  233  221  215  123  106   2427
 12916 12930  0  LA NEW ORLEANS      1906  138  116  158  172  255  297  258  243  188  197  197  162   2379
 12916 12930  0  LA NEW ORLEANS      1907  165  207  274  233  222  333  299  230  183  185  142  136   2610
 12916 12930  0  LA NEW ORLEANS      1908  181  199  269  262  312  281  213  256  139  286  197  170   2766
 12916 12930  0  LA NEW ORLEANS      1909  163  145  211  214  227  251  194  216  292  276  238  176   2602
 12916 12930  0  LA NEW ORLEANS      1910  250  187  342  332  308  315  279  298  252  228  210  151   3151
 12916 12930  0  LA NEW ORLEANS      1911  201  193  232  192  331  256  194  232  204  230  160  112   2536
 12916 12930  0  LA NEW ORLEANS      1912  138  142  182  173  278  191  224  225  187  143  189   87   2158
 12916 12930  0  LA NEW ORLEANS      1913   92  172  192  323  334  284  246  263  158  248  193  128   2632
 12916 12930  0  LA NEW ORLEANS      1914  215  180  253  270  334  264  206  151  210  180  180  108   2550
 12916 12930  0  LA NEW ORLEANS      1915  155  181  229  307  312  305  338  281  260  246  236  139   2988
 12916 12930  0  LA NEW ORLEANS      1916  123  215  283  261  317  311  281  313  286  286  212  133   3020
 12916 12930  0  LA NEW ORLEANS      1917  124  183  154  271  264  250  220  208  198  298  259  150   2579
 12916 12930  0  LA NEW ORLEANS      1918  186  135  207  186  305  263  237  166  206  164  188  127   2370
 12916 12930  0  LA NEW ORLEANS      1919  146  152  244  248  216  184  231  176  182  194  170  174   2317
 12916 12930  0  LA NEW ORLEANS      1920  130  178  186  229  274  280  224  158  244  202  195  126   2426
 12916 12930  0  LA NEW ORLEANS      1921  210  206  247  252  296  248  253  209  224  304  206  180   2835
 12916 12930  0  LA NEW ORLEANS      1922  116  153  229  238  230  242  269  287  259  245  194  174   2636
 12916 12930  0  LA NEW ORLEANS      1923  208  164  189  236  290  238  197  200  269  214  171   99   2476
 12916 12930  0  LA NEW ORLEANS      1924  170  188  232  241  332  317  350  314  284  286  231  105   3051
 12916 12930  0  LA NEW ORLEANS      1925  197  176  263  319  335  277  273  283  258  211  195  159   2947
 12916 12930  0  LA NEW ORLEANS      1926  150  219  181  261  316  305  296  264  267  246  177  140   2822
 12916 12930  0  LA NEW ORLEANS      1927  201  175  189  262  262  233  286  272  272  285  194  164   2795
 12916 12930  0  LA NEW ORLEANS      1928  135  125  203  244  326  296  262  268  212  242  223  160   2697
 12916 12930  0  LA NEW ORLEANS      1929  158  100  206  227  186  304  253  257  230  231  150  136   2437
 12916 12930  0  LA NEW ORLEANS      1930  163  178  177  286  283  351  290  246  184  249  168  118   2694
 12916 12930  0  LA NEW ORLEANS      1931  141  188  211  242  302  329  317  301  310  265  207  127   2940
 12916 12930  0  LA NEW ORLEANS      1932  137  166  234  296  272  338  320  265  246  241  198   75   2788
 12916 12930  0  LA NEW ORLEANS      1933  122  138  263  228  328  354  256  262  276  258  234  191   2908
 12916 12930  0  LA NEW ORLEANS      1934  155  191  248  243  252  299  263  242  233  261  206  184   2777
 12916 12930  0  LA NEW ORLEANS      1935  201  188  161  180  276  244  196  252  276  267  206  165   2612
 12916 12930  0  LA NEW ORLEANS      1936  153  163  216  262  235  362  289  263  258  264  181  141   2788
 12916 12930  0  LA NEW ORLEANS      1937  104  136  220  300  350  263  299  261  246  223  192  153   2747
 12916 12930  0  LA NEW ORLEANS      1938  173  188  254  268  315  323  288  304  262  266  240  178   3059
 12916 12930  0  LA NEW ORLEANS      1939  169  141  271  273  253  283  290  280  255  274  220  191   2900
 12916 12930  0  LA NEW ORLEANS      1940  169  147  220  231  342  244  244  270  288  291  171  127   2744
 12916 12930  0  LA NEW ORLEANS      1941  173  164  190  250  298  281  292  295  233  270  212  123   2780
 12916 12930  0  LA NEW ORLEANS      1942  230  118  196  228  301  240  251  236  273  275  222  138   2708
 12916 12930  0  LA NEW ORLEANS      1943  160  189  165  283  316  282  259  272  162  288  233  157   2766
 12916 12930  0  LA NEW ORLEANS      1944  165  161  203  221  312  296  287  284  259  327  164  183   2862
 12916 12930  0  LA NEW ORLEANS      1945  202  144  202  248  334  314  206  265  254  252  218  165   2804
 12916 12930  0  LA NEW ORLEANS      1946  123  176  244  284  259  267  275  300  197  300  160  193   2778
 12916 12930  0  LA NEW ORLEANS      1947  108  191  195  219  286  289  358  266  279  278  128  135   2732
 12916 12930  0  LA NEW ORLEANS      1948  174  104  165  281  329  314  274  251  199  258  159  126   2634
 12916 12930  0  LA NEW ORLEANS      1949  203   84  235  251  349  271  209  222  179  143  275  145   2566
 12916 12930  0  LA NEW ORLEANS      1950  123  169  206  222  223  217  165  237  217  282  223  152   2436
 12916 12930  0  LA NEW ORLEANS      1951  157  163  156  247  316  238  228  290  151  292  213  166   2617
 12916 12930  0  LA NEW ORLEANS      1952  167  158  211  300  315  337  285  311  254  329  201  166   3034
 12916 12930  0  LA NEW ORLEANS      1953  201  157  221  275  308  286  258  260  309  299  187  131   2892
 12916 12930  0  LA NEW ORLEANS      1954  160  243  239  255  268  312  246  310  261  251  215  173   2933
 12916 12930  0  LA NEW ORLEANS      1955  149  136  231  234  318  321  238  268  214  294  159  140   2702
 12916 12930  0  LA NEW ORLEANS      1956  176  143  207  225  290  157  248  245  246  251  211  187   2586
 12916 12930  0  LA NEW ORLEANS      1957  130  136  205  233  272  234  283  248  133  216  126  187   2403
 12916 12930  0  LA NEW ORLEANS      1958  168  159  191  225  220  266  229  269  176  219  192  157   2471
 12916 12930  0  LA NEW ORLEANS      1959  191  116  204  191  240  206  152  262  260  140  186  189   2337
 12916 12930  0  LA NEW ORLEANS      1960  123  145  196  211  246  372  268  197  271  211  191  126   2557
 12916 12930  0  LA NEW ORLEANS      1961  141  143  242  299  362  308  283  269  183  271  143  163   2807
 12916 12930  0  LA NEW ORLEANS      1962  -99  -99  -99  -99  -99  -99  -99  -99  -99  239  176  154    -99
 12916 12930  0  LA NEW ORLEANS      1963  111  188  219  233  272  245  218  248  173  275  128  136   2446
 12916 12930  0  LA NEW ORLEANS      1964  126  184  228  201  284  215  181  236  255  224  133  137   2404
 12916 12916  8  LA NEW ORLEANS      1973  -99  -99  -99  -99  -99  -99  -99  171  179  298  255  156    -99
 12916     0  0  LA NEW ORLEANS      1974   76  205  232  272  226  254  242  232  210  291  204  170   2612
 12916     0  0  LA NEW ORLEANS      1975  171  168  185  196  218  255  203  183  243  213  175  167   2377
 12916     0  0  LA NEW ORLEANS      1976  201  221  191  318  262  343  286  320  268  236  190  165   3001
 12916     0  0  LA NEW ORLEANS      1977  167  226  183  279  279  306  260  168  215  222  113  172   2589
 12916     0  0  LA NEW ORLEANS      1978   94  151  216  269  252  260  234  223  180  267  196  227   2570
 12916     0  0  LA NEW ORLEANS      1979  186  130  249  178  248  260  206  224  173  283  216  174   2527
 12916     0  0  LA NEW ORLEANS      1980  118  132  155  223  226  333  312  335  242  275  156  216   2722
 12916     0  0  LA NEW ORLEANS      1981  216  142  213  193  250  291  325  254  265  194  188  192   2724
 12916     0  0  LA NEW ORLEANS      1982  192  145  192  206  261  257  264  260  265  233  140  125   2538
 12916     0  0  LA NEW ORLEANS      1983  145  121  254  252  284  260  301  282  257  213  167  139   2675
 12916     0  0  LA NEW ORLEANS      1984  145  186  257  286  323  292  280  222  255  206  175  121   2746
 12916     0  0  LA NEW ORLEANS      1985  142  131  226  274  313  277  240  286  244  166  176  184   2659
 12916     0  0  LA NEW ORLEANS      1986  184  152  286  294  296  269  318  274  262  223   99  114   2771
 12916     0  0  LA NEW ORLEANS      1987  162  134  252  332  351  277  309  278  262  298  179  117   2951
 13957     0  0  LA SHREVEPORT       1943  198  227  195  295  312  358  391  376  199  276  226  132   3185
 13957     0  0  LA SHREVEPORT       1944  147  115  211  274  271  369  387  326  301  323  175  146   3045
 13957     0  0  LA SHREVEPORT       1945  178  121  200  265  321  296  320  323  296  251  211  138   2920
 13957     0  0  LA SHREVEPORT       1946  111  181  238  274  262  318  322  315  254  261  151  188   2875
 13957     0  0  LA SHREVEPORT       1947  106  217  234  229  307  358  385  354  320  302  183  166   3161
 13957     0  0  LA SHREVEPORT       1948  148  102  217  305  318  374  361  358  311  267  165  166   3092
 13957     0  0  LA SHREVEPORT       1949   89  130  194  177  307  288  286  302  284  156  283  139   2635
 13957     0  0  LA SHREVEPORT       1950   53  146  226  227  327  341  323  327  243  279  203  153   2848
 13957     0  0  LA SHREVEPORT       1951  188  155  161  237  321  280  365  386  288  266  176  172   2995
 13957     0  0  LA SHREVEPORT       1952  142  161  235  253  306  385  344  331  299  329  194  204   3183
 13957     0  0  LA SHREVEPORT       1953  204  178  205  248  260  381  301  260  322  291  211  163   3024
 13957     0  0  LA SHREVEPORT       1954  116  256  232  270  279  368  312  348  303  257  278  203   3222
 13957     0  0  LA SHREVEPORT       1955  176  140  210  228  272  340  312  276  322  330  207  189   3002
 13957     0  0  LA SHREVEPORT       1956  205  148  225  221  321  328  360  331  350  292  236  177   3194
 13957     0  0  LA SHREVEPORT       1957   88  138  208  166  278  256  345  331  233  263  154  208   2668
 13957     0  0  LA SHREVEPORT       1958  211  179  193  195  271  280  332  313  191  208  209  173   2755
 13957     0  0  LA SHREVEPORT       1959  142  144  272  203  300  291  317  307  244  239  201  174   2834
 13957     0  0  LA SHREVEPORT       1960  164  178  171  277  338  366  352  287  295  250  178  159   3015
 13957     0  0  LA SHREVEPORT       1961  185  139  213  276  305  279  315  316  276  270  140  138   2852
 13957     0  0  LA SHREVEPORT       1962  165  162  243  208  336  274  362  341  261  227  172  171   2922
 13957     0  0  LA SHREVEPORT       1963  142  203  257  209  300  319  321  328  233  312  195  178   2997
 13957     0  0  LA SHREVEPORT       1964  202  200  226  199  238  284  337  258  237  300  189  156   2826
 13957     0  0  LA SHREVEPORT       1965  203  151  160  225  189  285  356  303  243  252  145  167   2679
 13957     0  0  LA SHREVEPORT       1966  128  164  248  182  218  287  309  228  221  253  198  135   2570
 13957     0  0  LA SHREVEPORT       1967  168  170  270  192  293  314  279  274  207  255  210  144   2776
 13957     0  0  LA SHREVEPORT       1968  100  199  174  190  244  251  272  280  252  238  166  161   2527
 13957     0  0  LA SHREVEPORT       1969  134  161  208  236  265  364  317  271  286  225  223  167   2858
 13957     0  0  LA SHREVEPORT       1970  138  167  178  156  297  312  312  296  243  180  194  139   2612
 13957     0  0  LA SHREVEPORT       1971  149  196  208  220  227  299  262  232  225  200  202  103   2525
 13957     0  0  LA SHREVEPORT       1972  153  171  219  212  308  264  332  323  212  215  158  125   2693
 13957     0  0  LA SHREVEPORT       1973  137  169  152  163  327  239  323  322  230  228  196  252   2736
 13957     0  0  LA SHREVEPORT       1974   90  208  177  259  235  315  339  264  152  238  173  142   2590
 13957     0  0  LA SHREVEPORT       1975  168  147  151  223  234  331  338  317  279  258  224  160   2828
 13957     0  0  LA SHREVEPORT       1976  213  214  154  228  245  239  227  306  228  212  185  184   2634
 13957     0  0  LA SHREVEPORT       1977  172  234  204  265  334  267  290  235  232  230  118  171   2751
 13957     0  0  LA SHREVEPORT       1978  107  174  237  280  273  318  345  291  182  289  119  137   2752
 13957     0  0  LA SHREVEPORT       1979   99  110  187  186  243  295  256  307  277  252  225  171   2608
 13957     0  0  LA SHREVEPORT       1980   80  175  191  244  213  337  377  287  189  228  166  155   2642
 13957     0  0  LA SHREVEPORT       1981  189  158  227  173  199  239  269  214  261  132  157  192   2410
 13957     0  0  LA SHREVEPORT       1982  182  121  179  141  208  275  322  351  296  204  151  172   2602
 13957     0  0  LA SHREVEPORT       1983  137  145  247  205  200  292  300  347  301  213  191  136   2715
 13957     0  0  LA SHREVEPORT       1984  179  216  203  229  281  302  307  251  239  109  155  154   2624
 13957     0  0  LA SHREVEPORT       1985  181  182  249  308  253  341  356  371  293  187  151  196   3068
 13957     0  0  LA SHREVEPORT       1986  232  197  323  284  343  290  395  363  304  254   81  134   3200
 13957     0  0  LA SHREVEPORT       1987  197  169  279  343  278  315  352  388  326  296  211  149   3303
