 14913 14959  1  MN DULUTH           1933   98  170  212  236  266  365  342  310  198  150   64   87   2497
 14913 14959  0  MN DULUTH           1934   78  182  246  189  362  311  397  313  154  166   80  112   2590
 14913 14959  0  MN DULUTH           1935  106  136  177  229  289  264  332  258  211  115   66   67   2250
 14913 14959  0  MN DULUTH           1936  165  225  167  245  286  328  409  233  216  141  131   81   2626
 14913 14959  0  MN DULUTH           1937  137  148  282  173  277  306  325  308  204  121  125  106   2512
 14913 14959  0  MN DULUTH           1938  121  132  276  264  192  319  264  305  222  198  100  101   2494
 14913 14959  0  MN DULUTH           1939   88  150  229  236  267  239  356  254  252  172  178  126   2547
 14913 14959  0  MN DULUTH           1940  130  121  196  207  225  308  335  213  237  132   55   71   2230
 14913 14959  0  MN DULUTH           1941   75  148  176  192  255  259  331  286  164  150   72   98   2206
 14913 14959  0  MN DULUTH           1942  161  158  203  302  229  248  278  250  176  184  109  106   2404
 14913 14959  0  MN DULUTH           1943  109  193  247  275  252  198  366  324  219  183   64  109   2539
 14913 14959  0  MN DULUTH           1944  110  140  140  252  212  231  250  257  114  193   24  101   2024
 14913 14959  0  MN DULUTH           1945   88  156  214  208  273  239  292  287  181  200   42   64   2244
 14913 14959  0  MN DULUTH           1946  105  122  228  265  258  253  319  251  195  136  128  114   2374
 14913 14959  0  MN DULUTH           1947  137  171  243  223  267  261  400  270  233  183   96  103   2587
 14913 14959  0  MN DULUTH           1948  157  213  230  232  361  292  306  322  279  206   96  142   2836
 14913 14959  0  MN DULUTH           1949  110  151  215  297  282  289  277  312  204  137  104   98   2476
 14913 14913  7  MN DULUTH           1950  128  200  234  159  246  297  270  308  207  176  117   77   2420
 14913     0  0  MN DULUTH           1951  132  127  185  204  288  282  347  215  137   99  119  115   2250
 14913     0  0  MN DULUTH           1952  153  147  202  292  283  375  301  278  217  229  128   92   2697
 14913     0  0  MN DULUTH           1953  115  147  182  184  251  261  341  279  205  236  132  108   2441
 14913     0  0  MN DULUTH           1954  120  168  239  199  207  277  310  274  147  149   91  117   2298
 14913     0  0  MN DULUTH           1955  162  156  222  232  285  266  321  294  216  170   78  123   2525
 14913     0  0  MN DULUTH           1956  168  202  230  233  262  297  274  268  200  234   62   86   2516
 14913     0  0  MN DULUTH           1957  174  130  272  243  289  252  327  298  209  176   80  128   2578
 14913     0  0  MN DULUTH           1958  127  181  222  259  325  283  325  304  221  196  121  158   2722
 14913     0  0  MN DULUTH           1959  159  191  251  224  204  308  383  225  194  100  122  115   2476
 14913     0  0  MN DULUTH           1960  124  195  231  191  258  300  376  264  190  184  123  157   2593
 14913     0  0  MN DULUTH           1961  176  143  202  202  311  360  306  325  174  170   86   91   2546
 14913     0  0  MN DULUTH           1962  106  118  155  224  164  278  238  261  210  136   92  117   2099
 14913     0  0  MN DULUTH           1963  152  147  207  210  217  270  277  256  199  232  102  143   2412
 14913     0  0  MN DULUTH           1964  131  187  239  217  307  295  389  232  176  198  128  118   2616
 14913     0  0  MN DULUTH           1965  161  175  189  194  235  302  320  274  107  177  107   65   2305
 14913     0  0  MN DULUTH           1966  161  176  183  220  320  272  320  207  249  163   89  104   2464
 14913     0  0  MN DULUTH           1967  117  167  213  189  320  221  320  271  258  129   59   91   2354
 14913     0  0  MN DULUTH           1968  113  214  201  215  198  209  286  266  218  134   80   91   2223
 14913     0  0  MN DULUTH           1969   89  167  261  254  257  218  316  353  217   97   75   69   2373
 14913     0  0  MN DULUTH           1970  169  164  254  217  178  274  387  375  167  124   79   86   2473
 14913     0  0  MN DULUTH           1971  130  138  200  270  241  246  303  296  231  110   64   71   2302
 14913     0  0  MN DULUTH           1972  121  129  178  193  290  322  241  204  163  131   32   76   2080
 14913     0  0  MN DULUTH           1973  137  131  151  166  184  240  297  226  223  139   93  107   2093
 14913     0  0  MN DULUTH           1974  125  154  136  242  246  312  336  213  188  176  100  117   2345
 14913     0  0  MN DULUTH           1975   99  120  182  187  272  157  383  296  182  178  143   84   2281
 14913     0  0  MN DULUTH           1976  109  157  147  249  336  326  359  337  256  126  121  119   2642
 14913     0  0  MN DULUTH           1977  143  156  159  243  283  260  279  224  137  180   95   80   2240
 14913     0  0  MN DULUTH           1978  167  147  254  226  280  222  224  263  165  169  132  126   2375
 14913     0  0  MN DULUTH           1979  178  131  129  215  233  295  267  219  189  111   90  119   2175
 14913     0  0  MN DULUTH           1980  140  146  234  261  323  297  333  225  196  142  125  112   2533
 14913     0  0  MN DULUTH           1981  192  125  218  197  277  203  299  211  231  142  138   92   2326
 14913     0  0  MN DULUTH           1982  113  152  187  286  203  281  245  232  150  131  109   81   2171
 14913     0  0  MN DULUTH           1983  109   73  135  212  283  259  294  320  187  140   41  134   2189
 14913     0  0  MN DULUTH           1984  125  137  199  248  260  260  315  268  198   99  120   92   2322
 14913     0  0  MN DULUTH           1985  123  147  217  240  251  265  359  232  177  172  109  146   2438
 14913     0  0  MN DULUTH           1986  120  109  173  212  279  317  229  259  158  118  118   96   2188
 14913     0  0  MN DULUTH           1987  103  112  195  314  260  350  244  254  207  148  115   48   2350
 14922 14961  6  MN MINNEAPOLIS      1896  -99  -99  -99  -99  -99  342  307  308  199  207   84   72    -99
 14922 14961  0  MN MINNEAPOLIS      1897  112   81  146  154  249  203  216  287  239  121   87   96   1991
 14922 14961  0  MN MINNEAPOLIS      1898  105  129  175  217  215  253  321  280  240  111  149  174   2369
 14922 14961  0  MN MINNEAPOLIS      1899  169  149  159  235  191  226  297  255  220  159  130  110   2300
 14922 14961  0  MN MINNEAPOLIS      1915  122  132  208  217  143  192  202  271  184  182  104  114   2071
 14922 14961  0  MN MINNEAPOLIS      1916  110  142  158  144  198  250  326  233  143  146  125  126   2099
 14922 14961  0  MN MINNEAPOLIS      1917  153  149  185  150  311  252  340  315  216  115  122  118   2427
 14922 14961  0  MN MINNEAPOLIS      1918  160  204  272  293  199  277  285  264  270  128  115   65   2533
 14922 14961  0  MN MINNEAPOLIS      1919  161  186  236  216  313  285  342  344  208  120   89  117   2618
 14922 14961  0  MN MINNEAPOLIS      1920  139  134  242  207  319  270  364  347  228  212   93   81   2637
 14922 14961  0  MN MINNEAPOLIS      1921  104  121  174  231  271  361  376  320  236  179   81   99   2552
 14922 14961  0  MN MINNEAPOLIS      1922  144  177  208  181  255  308  293  297  248  206   55  121   2494
 14922 14961  0  MN MINNEAPOLIS      1923  105  174  200  238  274  290  346  271  212  188  164  133   2594
 14922 14961  0  MN MINNEAPOLIS      1924  190  185  177  243  299  284  351  281  190  232  129  130   2690
 14922 14961  0  MN MINNEAPOLIS      1925  160  124  241  282  323  297  308  302  179  123  159   96   2593
 14922 14961  0  MN MINNEAPOLIS      1926  124  128  235  308  341  329  305  241  116  148   90   84   2450
 14922 14961  0  MN MINNEAPOLIS      1927  146  145  197  187  186  303  322  311  162  192   92  138   2381
 14922 14961  0  MN MINNEAPOLIS      1928  176  179  228  206  350  252  296  274  229  185  119  112   2605
 14922 14961  0  MN MINNEAPOLIS      1929  152  131  184  236  343  335  361  314  183  178  125  132   2674
 14922 14961  0  MN MINNEAPOLIS      1930  160  118  247  291  278  318  377  318  246  172  169  104   2797
 14922 14961  0  MN MINNEAPOLIS      1931  134  176  188  328  278  335  392  303  252  181  112   95   2774
 14922 14961  0  MN MINNEAPOLIS      1932   91  158  192  245  256  366  399  315  297  120  126  160   2725
 14922 14961  0  MN MINNEAPOLIS      1933  133  191  203  237  257  409  389  356  254  180   84   77   2770
 14922 14961  0  MN MINNEAPOLIS      1934   94  174  211  233  384  363  377  320  193  198  105   87   2739
 14922 14961  0  MN MINNEAPOLIS      1935  125  130  207  206  277  297  399  324  250  169   91   70   2545
 14922 14961  0  MN MINNEAPOLIS      1936  144  186  164  248  337  348  425  314  266  184  162  112   2890
 14922 14961  0  MN MINNEAPOLIS      1937  180  168  237  183  312  300  383  311  252  159  126  104   2715
 14922 14911  4  MN MINNEAPOLIS      1938  141  122  236  249  211  315  326  324  227  248  121  132   2652
 14922 14911  0  MN MINNEAPOLIS      1939  150  183  281  252  357  302  371  319  262  185  205  181   3048
 14922 14911  0  MN MINNEAPOLIS      1940  188  158  244  249  279  290  344  218  292  194   94  121   2671
 14922 14911  0  MN MINNEAPOLIS      1941  138  202  245  224  342  297  359  325  207  163  124  100   2726
 14922 14911  0  MN MINNEAPOLIS      1942  175  131  139  309  224  287  353  303  204  221  125   98   2569
 14922 14911  0  MN MINNEAPOLIS      1943  145  219  232  261  275  332  374  309  260  221  125  205   2958
 14922 14911  0  MN MINNEAPOLIS      1944  203  212  169  229  263  334  338  318  218  235   77  115   2711
 14922 14911  0  MN MINNEAPOLIS      1945  117  154  224  211  252  275  325  319  214  223   70   77   2461
 14922 14911  0  MN MINNEAPOLIS      1946  110  147  175  274  240  280  322  300  226  143  120   89   2426
 14922 14911  0  MN MINNEAPOLIS      1947  117  122  147  141  217  227  347  313  241  182   56   54   2164
 14922 14911  0  MN MINNEAPOLIS      1948  190  201  243  252  280  241  324  305  283  244   72  117   2752
 14922 14911  0  MN MINNEAPOLIS      1949  114  146  141  291  282  320  334  343  236  159  105   91   2562
 14922 14911  0  MN MINNEAPOLIS      1950  116  162  144  155  198  294  307  269  226  213  135  117   2336
 14922 14911  0  MN MINNEAPOLIS      1951  159  121  167  145  271  254  319  200  174  149  109  103   2171
 14922 14911  0  MN MINNEAPOLIS      1952  142  162  196  283  280  286  357  284  273  255  149   75   2742
 14922 14922  6  MN MINNEAPOLIS      1953   69  126  176  147  270  280  283  280  255  271  164  105   2426
 14922     0  0  MN MINNEAPOLIS      1954  115  136  197  206  251  259  281  267  147  138  118  113   2228
 14922     0  0  MN MINNEAPOLIS      1955  140  167  216  262  319  258  294  278  247  188   75   96   2540
 14922     0  0  MN MINNEAPOLIS      1956  132  180  162  190  221  303  278  272  238  238  106   98   2418
 14922     0  0  MN MINNEAPOLIS      1957  177  153  229  268  244  266  305  291  238  142   77  120   2510
 14922     0  0  MN MINNEAPOLIS      1958  130  206  188  252  338  241  272  301  244  216  141  170   2699
 14922     0  0  MN MINNEAPOLIS      1959  193  210  240  226  226  321  390  239  213  126  140  129   2653
 14922     0  0  MN MINNEAPOLIS      1960  138  193  216  182  212  269  336  246  211  238  144  161   2546
 14922     0  0  MN MINNEAPOLIS      1961  206  168  192  195  326  325  306  305  172  210  101   64   2570
 14922     0  0  MN MINNEAPOLIS      1962  127  122  132  233  179  258  233  291  207  178  106  105   2171
 14922     0  0  MN MINNEAPOLIS      1963  119  152  185  233  235  345  354  315  232  241  133  142   2686
 14922     0  0  MN MINNEAPOLIS      1964  172  220  232  252  345  325  345  278  204  191  150  133   2846
 14922     0  0  MN MINNEAPOLIS      1965  158  175  186  147  181  328  338  260  101  204  124  100   2302
 14922     0  0  MN MINNEAPOLIS      1966  175  192  175  165  321  304  368  273  264  203  113  125   2678
 14922     0  0  MN MINNEAPOLIS      1967   95  145  215  222  319  277  307  290  317  208  109  114   2620
 14922     0  0  MN MINNEAPOLIS      1968  124  226  254  205  198  272  354  312  248  172   86  105   2556
 14922     0  0  MN MINNEAPOLIS      1969   99  131  263  249  304  211  286  371  249  119   76   69   2426
 14922     0  0  MN MINNEAPOLIS      1970  131  186  236  240  251  341  388  316  224  168   79   97   2657
 14922     0  0  MN MINNEAPOLIS      1971  150  143  192  285  318  313  378  340  241  158   96   67   2681
 14922     0  0  MN MINNEAPOLIS      1972  175  182  260  202  270  351  310  270  191  154   38   81   2483
 14922     0  0  MN MINNEAPOLIS      1973  151  140  159  214  228  327  365  312  218  185  130  129   2558
 14922     0  0  MN MINNEAPOLIS      1974  172  184  188  229  219  323  356  317  233  198  107  147   2673
 14922     0  0  MN MINNEAPOLIS      1975  138  146  211  202  312  299  398  268  212  229  148   74   2636
 14922     0  0  MN MINNEAPOLIS      1976  117  182  184  263  343  387  412  368  299  211  177  149   3091
 14922     0  0  MN MINNEAPOLIS      1977  170  196  204  291  345  313  331  253  170  167   89   82   2610
 14922     0  0  MN MINNEAPOLIS      1978  197  179  272  199  328  312  330  335  276  204  103  115   2848
 14922     0  0  MN MINNEAPOLIS      1979  201  189  137  210  262  270  281  206  258  167  110  115   2406
 14922     0  0  MN MINNEAPOLIS      1980  154  216  221  264  330  313  381  274  206  160  144  102   2763
 14922     0  0  MN MINNEAPOLIS      1981  227  193  288  232  292  323  346  292  264  140  157   98   2852
 14922     0  0  MN MINNEAPOLIS      1982  148  206  215  248  271  349  337  311  188  122  101   92   2589
 14922     0  0  MN MINNEAPOLIS      1983  123  104  179  262  325  310  388  350  245  163   61  124   2634
 14922     0  0  MN MINNEAPOLIS      1984  123  138  220  256  340  327  380  350  252  110  121  130   2745
 14922     0  0  MN MINNEAPOLIS      1985  217  198  270  311  381  400  423  300  218  149   74  147   3088
 14922     0  0  MN MINNEAPOLIS      1986  168  131  236  255  363  372  381  356  210  153  115  145   2885
 14922     0  0  MN MINNEAPOLIS      1987  165  230  288  356  299  363  367  313  278  159  146  117   3081
 14927     0  0  MN ST PAUL          1897  108   73  142  216  149  207  293  257  265  159  114  115   2099
 14927     0  0  MN ST PAUL          1898  144  129  195  226  224  250  344  284  233  115  139  172   2455
 14927     0  0  MN ST PAUL          1899  178  176  198  267  236  264  134  222  232  163  120  126   2315
 14927     0  0  MN ST PAUL          1900  132  165  200  263  325  348  299  223  178  180  109  103   2525
 14927     0  0  MN ST PAUL          1901  143  201  180  227  293  276  334  320  198  217  159  107   2655
 14927     0  0  MN ST PAUL          1902  171  180  194  238  233  266  281  268  212  186   88   93   2408
 14927     0  0  MN ST PAUL          1903  115  203  163  214  246  316  297  218  208  210  138  123   2451
 14927     0  0  MN ST PAUL          1904  163  160  108  232  269  238  287  282  177  140  182   97   2334
 14927     0  0  MN ST PAUL          1905  158  210  152  223  204  198  300  262  216  176  136  150   2385
 14927     0  0  MN ST PAUL          1906  133  194  202  268  246  306  341  277  228  150  109   92   2547
 14927     0  0  MN ST PAUL          1907   67  185  216  287  255  321  364  313  222  219  168  110   2727
 14927     0  0  MN ST PAUL          1908  171  166  232  259  228  257  367  338  307  226  146  160   2857
 14927     0  0  MN ST PAUL          1909  151  175  228  243  308  309  352  318  219  169  100   89   2661
 14927     0  0  MN ST PAUL          1910  129  174  293  267  308  367  411  326  254  224  127  159   3040
 14927     0  0  MN ST PAUL          1911  126  182  254  214  324  334  358  314  205  175  120   88   2693
 14927     0  0  MN ST PAUL          1912  215  166  256  269  313  353  344  271  227  230  185  129   2957
 14927     0  0  MN ST PAUL          1913  162  179  212  260  272  372  324  261  210  157  127  136   2671
 14927     0  0  MN ST PAUL          1914   74  165  202  204  268  248  338  217  213  208  160   88   2385
 14927     0  0  MN ST PAUL          1915  130  120  202  234  160  235  258  297  193  191  120   98   2237
 14927     0  0  MN ST PAUL          1916  118  169  192  201  287  315  390  316  218  197  161  141   2705
 14927     0  0  MN ST PAUL          1917  153  165  185  176  319  266  317  289  209   99  114  105   2396
 14927     0  0  MN ST PAUL          1918  156  191  245  275  259  286  320  280  234  139  109   48   2541
 14927     0  0  MN ST PAUL          1919  150  122  196  180  284  231  346  317  220  116  101   86   2348
 14927     0  0  MN ST PAUL          1920  140  117  229  205  297  281  352  338  253  220   98   68   2598
 14927     0  0  MN ST PAUL          1921  109  119  183  221  254  324  391  314  247  209   94  110   2574
 14927     0  0  MN ST PAUL          1922  163  194  231  192  228  314  294  305  253  204   47  125   2548
 14927     0  0  MN ST PAUL          1923  100  192  212  244  340  358  396  282  234  206  156  142   2863
 14927     0  0  MN ST PAUL          1924  185  190  165  215  281  295  338  303  199  223  127  137   2656
 14927     0  0  MN ST PAUL          1925  169  122  235  272  321  298  296  321  201  124  135   99   2591
 14927     0  0  MN ST PAUL          1926  145  117  231  311  333  318  295  235  103  164   76  102   2430
 14927     0  0  MN ST PAUL          1927  139  159  212  193  192  316  335  347  216  220   98  140   2567
 14927     0  0  MN ST PAUL          1928  200  177  252  252  323  216  314  299  223  187  123  108   2675
 14927     0  0  MN ST PAUL          1929  131  125  168  241  324  310  339  303  194  182  130  114   2561
 14927     0  0  MN ST PAUL          1930  161  122  233  270  251  294  357  303  243  147  162  102   2646
 14927     0  0  MN ST PAUL          1931  125  174  183  302  243  318  371  277  246  182  136  109   2666
 14927     0  0  MN ST PAUL          1932   90  169  184  242  233  330  376  288  286  123  144  152   2617
