 14912     0  0  ND DEVILS LAKE      1905  177  226  190  287  232  201  343  284  210  169  150  152   2621
 14912     0  0  ND DEVILS LAKE      1906  172  106  178  228  185  277  332  286  226  184  112  102   2389
 14912     0  0  ND DEVILS LAKE      1907  116  198  240  182  215  205  293  264  218  237  143  148   2458
 14912     0  0  ND DEVILS LAKE      1908  151  159  185  256  241  225  272  318  253  135  148  137   2480
 14912     0  0  ND DEVILS LAKE      1909  140  134  213  237  267  334  339  325  288  181  141   97   2697
 14912     0  0  ND DEVILS LAKE      1910  142  189  265  294  319  378  386  266  215  206   96  107   2863
 14912     0  0  ND DEVILS LAKE      1911  125  220  248  293  293  260  368  263  208  139  146   88   2651
 14912     0  0  ND DEVILS LAKE      1912  189  138  262  269  214  335  292  205  181  192   73  122   2472
 14912     0  0  ND DEVILS LAKE      1913  146  157  219  264  242  347  294  319  262  163  142  170   2725
 14912     0  0  ND DEVILS LAKE      1914  128  204  207  236  373  285  357  225  238  212  164  149   2777
 14912     0  0  ND DEVILS LAKE      1915  117   82  215  207  246  196  276  274  171  196  128   87   2196
 14912     0  0  ND DEVILS LAKE      1916  119  194  166  185  202  301  361  271  232  131  188  134   2484
 14912     0  0  ND DEVILS LAKE      1917  108  130  184  131  327  246  314  307  168  119  135  108   2276
 14912     0  0  ND DEVILS LAKE      1918   93  145  181  237  170  277  260  272  252  174   90   90   2239
 14912     0  0  ND DEVILS LAKE      1919  136  124  174  170  327  286  327  322  240  198  146  142   2592
 14912     0  0  ND DEVILS LAKE      1920  158  228  256  320  330  343  420  339  204  220   98  121   3038
 14912     0  0  ND DEVILS LAKE      1921  149  126  163  254  353  300  337  296  170  206   97  126   2578
 14912     0  0  ND DEVILS LAKE      1922  136  146  173  224  253  300  334  312  231  194   80   98   2481
 14912     0  0  ND DEVILS LAKE      1923  134  190  230  279  349  364  376  274  194  192  147  129   2858
 14912     0  0  ND DEVILS LAKE      1924  133  161  154  156  210  251  332  299  201  212  124  103   2335
 14912     0  0  ND DEVILS LAKE      1925  112  140  213  233  340  264  334  303  196  160  148   99   2543
 14912     0  0  ND DEVILS LAKE      1926  136  128  242  332  365  337  360  281  199  127   74   97   2677
 14912     0  0  ND DEVILS LAKE      1927  197  216  259  220  174  330  314  319  241  149   88  158   2663
 14912     0  0  ND DEVILS LAKE      1928  187  215  275  267  326  307  325  313  226  171  161  123   2896
 14912     0  0  ND DEVILS LAKE      1929  169  186  249  269  351  347  397  302  133  182  111  116   2811
 14912     0  0  ND DEVILS LAKE      1930  116  137  267  254  256  312  378  303  251  131  152  123   2680
 14912     0  0  ND DEVILS LAKE      1931  134  187  201  311  314  315  333  300  265  187  158  134   2840
 14912     0  0  ND DEVILS LAKE      1932  162  178  221  218  308  352  357  333  272  144  112  163   2820
 14912     0  0  ND DEVILS LAKE      1933  141  187  263  258  283  375  390  350  239  174  110  114   2884
 14912     0  0  ND DEVILS LAKE      1934  142  166  256  272  355  292  375  330  172  156  140  122   2778
 14912     0  0  ND DEVILS LAKE      1935  130  164  190  205  257  297  367  296  253  199  124  101   2583
 14912     0  0  ND DEVILS LAKE      1936  164  191  186  291  379  306  422  328  261  218  151  150   3048
 14912     0  0  ND DEVILS LAKE      1937  192  217  244  204  315  343  305  312  222  162  128  140   2784
 14912     0  0  ND DEVILS LAKE      1938  164  185  262  306  284  307  347  352  256  221  131  133   2948
 14912     0  0  ND DEVILS LAKE      1939  129  198  274  263  331  292  402  350  246  134  194  136   2949
 14912     0  0  ND DEVILS LAKE      1940  181  104  241  227  312  343  359  303  288  204  100  101   2763
 14912     0  0  ND DEVILS LAKE      1941  136  183  226  157  230  298  356  310  201  219  124  139   2579
 14912     0  0  ND DEVILS LAKE      1942  180  169  180  256  258  263  320  266  214  216  157   94   2573
 14912     0  0  ND DEVILS LAKE      1943  134  178  229  316  212  269  394  303  270  254  102  181   2842
 14912     0  0  ND DEVILS LAKE      1944  173  184  185  240  232  214  319  198  117  248   40  103   2253
 14912     0  0  ND DEVILS LAKE      1945   87  147  179  152  214  227  304  308  164  155   77   90   2104
 14912     0  0  ND DEVILS LAKE      1946  115  169  206  272  252  255  334  261  151  156  158   86   2415
 14912     0  0  ND DEVILS LAKE      1947  140  119  185  197  274  196  362  267  170  174   53   80   2217
 14912     0  0  ND DEVILS LAKE      1948  130  179  248  254  378  291  330  343  297  251  112  114   2927
 14912     0  0  ND DEVILS LAKE      1949  134  166  162  295  280  345  338  366  257  167  144  144   2798
 14912     0  0  ND DEVILS LAKE      1950  173  205  212  205  239  285  286  341  249  193  121  104   2613
 14912     0  0  ND DEVILS LAKE      1951  180  118  198  252  371  263  356  212  164  147  168  123   2552
 14912     0  0  ND DEVILS LAKE      1952  169  170  176  344  322  270  365  299  310  247  153  128   2953
 14912     0  0  ND DEVILS LAKE      1953  103  170  212  241  242  269  391  348  260  239  138  113   2726
 14912     0  0  ND DEVILS LAKE      1954  139  164  258  221  296  277  337  258  205  193  124  147   2619
 14912     0  0  ND DEVILS LAKE      1955  136  171  234  224  238  263  313  358  253  267  102  139   2698
 14912     0  0  ND DEVILS LAKE      1956  160  207  230  286  298  366  342  312  227  234  119  113   2894
 14912     0  0  ND DEVILS LAKE      1957  157  196  256  248  327  276  357  258  202  158   80  147   2662
 14912     0  0  ND DEVILS LAKE      1958  120  207  204  219  356  322  319  243  236  226  128  131   2711
 14912     0  0  ND DEVILS LAKE      1959  198  236  255  304  242  321  389  281  217  150   91  129   2813
 14912     0  0  ND DEVILS LAKE      1960  162  210  218  255  326  308  379  267  271  235  148  131   2910
 14912     0  0  ND DEVILS LAKE      1961  189  199  153  255  349  378  304  345  182  197  152  147   2850
 14912     0  0  ND DEVILS LAKE      1962  143  172  202  285  147  322  334  327  267  203  126  128   2656
 14912     0  0  ND DEVILS LAKE      1963  184  154  253  195  270  -99  -99  -99  -99  -99  -99  -99    -99
 14914     0  0  ND FARGO            1942  178  167  167  242  217  224  316  251  202  214  152   90   2420
 14914     0  0  ND FARGO            1943  173  190  229  302  236  223  370  255  206  248  111  160   2703
 14914     0  0  ND FARGO            1944  171  184  195  247  241  317  367  284  170  240   33  129   2578
 14914     0  0  ND FARGO            1945   88  165  247  214  289  252  334  284  184  175   68   90   2390
 14914     0  0  ND FARGO            1946  121  171  192  284  240  309  324  295  177  158  149   93   2513
 14914     0  0  ND FARGO            1947  144  131  181  190  241  213  354  328  219  180   73   91   2345
 14914     0  0  ND FARGO            1948  136  172  216  213  319  252  288  276  252  203   52  144   2523
 14914     0  0  ND FARGO            1949  108  191  188  196  284  320  324  342  210  147  125  120   2555
 14914     0  0  ND FARGO            1950  115  214  204  201  227  298  313  283  290  170  112  112   2539
 14914     0  0  ND FARGO            1951  176  115  191  205  373  302  338  218  148  150  163  129   2508
 14914     0  0  ND FARGO            1952  169  149  166  303  324  306  327  333  292  248  169  121   2907
 14914     0  0  ND FARGO            1953   92  147  181  178  262  266  367  276  238  241  171  164   2583
 14914     0  0  ND FARGO            1954  121  184  205  193  283  265  308  302  198  168  143  140   2510
 14914     0  0  ND FARGO            1955  116  155  243  283  326  297  343  288  212  236   94  144   2737
 14914     0  0  ND FARGO            1956  148  202  238  277  245  260  212  231  191  200   99  123   2426
 14914     0  0  ND FARGO            1957  159  185  270  293  331  276  338  244  188  130   59  133   2606
 14914     0  0  ND FARGO            1958  112  210  204  255  364  264  297  290  204  239  124  121   2684
 14914     0  0  ND FARGO            1959  128  183  238  281  217  266  408  319  225  130   56  126   2577
 14914     0  0  ND FARGO            1960  139  189  201  206  285  234  375  293  214  193  109  103   2541
 14914     0  0  ND FARGO            1961  163  161  174  199  297  311  275  368  203  184  132   85   2552
 14914     0  0  ND FARGO            1962  114  100  150  269  120  211  288  362  254  221  108  129   2326
 14914     0  0  ND FARGO            1963  176  158  296  228  249  307  359  272  230  246  136  119   2776
 14914     0  0  ND FARGO            1964  176  199  256  240  343  265  388  294  236  207  115  117   2835
 14914     0  0  ND FARGO            1965  220  180  211  140  233  287  338  269  155  246  119   89   2487
 14914     0  0  ND FARGO            1966  172  208  183  143  301  328  331  251  284  196  155  138   2690
 14914     0  0  ND FARGO            1967  138  196  253  212  274  212  408  350  259  144  116  121   2683
 14914     0  0  ND FARGO            1968  128  183  252  255  247  321  383  375  256  182   82   58   2722
 14914     0  0  ND FARGO            1969   74   91  274  273  283  235  335  400  287  139  155  106   2652
 14914     0  0  ND FARGO            1970  137  215  285  200  158  334  423  341  243  147   77  123   2683
 14914     0  0  ND FARGO            1971  140  163  162  289  315  277  368  394  289  158   76  106   2735
 14914     0  0  ND FARGO            1972  152  142  224  225  256  347  310  263  173  161   40  113   2406
 14914     0  0  ND FARGO            1973  169  133  159  269  319  314  336  284  233  194  100   74   2582
 14914     0  0  ND FARGO            1974  118  146  151  213  178  352  380  292  239  179  116  114   2478
 14914     0  0  ND FARGO            1975  107  118  177  115  317  258  372  311  216  186  141  105   2422
 14914     0  0  ND FARGO            1976  137  170  243  276  366  344  375  348  292  185  155  122   3013
 14914     0  0  ND FARGO            1977  181  161  228  254  282  293  321  236  133  208  109   78   2486
 14914     0  0  ND FARGO            1978  194  192  274  201  268  286  321  311  248  188  130  152   2766
 14914     0  0  ND FARGO            1979  179  125  185  183  248  317  333  302  298  153  103  111   2536
 14914     0  0  ND FARGO            1980  109  134  274  352  390  315  375  287  235  180  115   87   2852
 14914     0  0  ND FARGO            1981  186  176  252  299  320  265  320  281  242  158  138  102   2740
 14914     0  0  ND FARGO            1982  110  161  191  306  230  331  349  321  282  150  102   82   2615
 14914     0  0  ND FARGO            1983  111   94  140  254  310  336  365  327  190  121   42  112   2402
 14914     0  0  ND FARGO            1984  130  121  145  223  345  301  321  336  200  138  153  130   2543
 14914     0  0  ND FARGO            1985  117  161  228  306  298  270  368  250  147  189  132  167   2633
 14914     0  0  ND FARGO            1986  128  130  254  195  289  289  287  272  131  118  112  130   2335
 14914     0  0  ND FARGO            1987  128  115  154  314  280  398  368  338  260  182  121   63   2721
 24011     0  0  ND BISMARK          1894  -99  -99  -99  190  339  342  340  275  239  204  105  154    -99
 24011     0  0  ND BISMARK          1895  142  129  212  177  216  270  295  299  237  239   55   98   2367
 24011     0  0  ND BISMARK          1896   84  142  184  171  230  319  304  332  215  199   83  124   2388
 24011     0  0  ND BISMARK          1897  118  153  222  184  330  291  277  309  293  198  173  126   2673
 24011     0  0  ND BISMARK          1898  190  186  191  257  254  272  357  303  247  132  168  148   2704
 24011     0  0  ND BISMARK          1899  150  168  197  253  188  297  354  268  292  154  162  142   2623
 24011     0  0  ND BISMARK          1900  161  146  210  285  344  321  375  283  176  200  171  121   2792
 24011     0  0  ND BISMARK          1901  154  181  207  217  369  242  314  282  168  218  164   87   2603
 24011     0  0  ND BISMARK          1902  168  124  160  256  261  264  337  286  288  221  119  123   2605
 24011     0  0  ND BISMARK          1903  122  230  190  272  284  313  358  251  219  260  162  121   2781
 24011     0  0  ND BISMARK          1904  159  141  159  229  256  307  364  309  243  191  197  114   2670
 24011     0  0  ND BISMARK          1905  152  226  184  294  240  243  323  286  225  171  147  169   2659
 24011     0  0  ND BISMARK          1906  203  189  232  278  217  238  339  285  266  214  109   96   2666
 24011     0  0  ND BISMARK          1907  162  199  246  233  280  313  365  354  271  273  203  163   3062
 24011     0  0  ND BISMARK          1908  148  153  105  250  249  287  319  255  237  147  123  116   2388
 24011     0  0  ND BISMARK          1909  123  127  152  213  260  258  285  299  180  219  129  117   2362
 24011     0  0  ND BISMARK          1910  148  200  233  280  304  330  383  282  219  229  125  148   2882
 24011     0  0  ND BISMARK          1911  181  218  276  276  332  312  356  265  197  145  139   96   2793
 24011     0  0  ND BISMARK          1912  122  135  231  252  217  290  347  300  174  200  161  143   2572
 24011     0  0  ND BISMARK          1913  144  171  206  276  203  317  342  321  241  181  170  170   2742
 24011     0  0  ND BISMARK          1914  137  178  199  207  312  246  384  231  272  203  184  112   2665
 24011     0  0  ND BISMARK          1915  113  104  236  249  184  253  266  329  207  219  162  135   2458
 24011     0  0  ND BISMARK          1916  164  223  205  252  299  254  364  289  248  200  166  153   2818
 24011     0  0  ND BISMARK          1917  142  161  243  192  350  345  393  353  225  170  182  127   2883
 24011     0  0  ND BISMARK          1918  159  211  284  234  295  368  344  338  246  197  169   73   2916
 24011     0  0  ND BISMARK          1919  178  140  183  183  304  326  344  346  216  177  134  181   2712
 24011     0  0  ND BISMARK          1920  131  179  242  256  246  292  346  355  240  223  130  136   2776
 24011     0  0  ND BISMARK          1921  150  179  206  269  282  340  380  368  259  233  125  146   2937
 24011     0  0  ND BISMARK          1922  157  193  199  209  277  330  359  374  279  219   85  148   2828
 24011     0  0  ND BISMARK          1923  116  183  200  242  296  318  320  247  224  206  183  182   2717
 24011     0  0  ND BISMARK          1924  163  174  174  156  234  233  379  282  238  193  122  113   2460
 24011     0  0  ND BISMARK          1925  115  136  228  257  343  296  341  362  221  154  158  107   2717
 24011     0  0  ND BISMARK          1926  144  132  237  292  245  271  322  243  168  161   60  146   2422
 24011     0  0  ND BISMARK          1927  125  158  210  198  199  279  399  327  287  221  137  146   2688
 24011     0  0  ND BISMARK          1928  178  193  217  219  294  192  299  316  251  223  146  124   2652
 24011     0  0  ND BISMARK          1929  122  156  177  204  300  309  369  305  144  203  130  124   2542
 24011     0  0  ND BISMARK          1930  121  150  216  220  252  315  392  243  256  160  151  115   2590
 24011     0  0  ND BISMARK          1931  169  152  168  312  304  304  335  266  291  199  158  144   2804
 24011     0  0  ND BISMARK          1932  170  206  201  192  263  337  377  268  260  148  122  157   2701
 24011     0  0  ND BISMARK          1933  114  200  193  225  210  362  346  295  240  188  106   85   2565
 24011     0  0  ND BISMARK          1934  129  197  196  285  329  286  333  315  161  168  144   79   2622
 24011     0  0  ND BISMARK          1935   99  171  192  193  200  282  366  306  246  214   86  118   2473
 24011     0  0  ND BISMARK          1936  111  192  195  231  338  319  390  245  244  221  144  125   2754
 24011     0  0  ND BISMARK          1937  135  185  179  169  259  290  302  271  232  170  119  106   2417
 24011     0  0  ND BISMARK          1938  120  149  181  214  214  273  334  326  248  212  114  123   2508
 24011     0  0  ND BISMARK          1939  130  206  287  276  333  269  397  322  224  149  210  125   2928
 24011     0  0  ND BISMARK          1940  155   90  147  152  278  322  351  359  313  196  112  110   2585
 24011     0  0  ND BISMARK          1941  123  161  191  145  262  290  367  300  201  182  133  101   2454
 24011     0  0  ND BISMARK          1942  184  115  169  242  214  284  308  298  217  185  149   87   2452
 24011     0  0  ND BISMARK          1943  140  186  237  303  251  290  415  320  287  215   99  141   2884
 24011     0  0  ND BISMARK          1944  170  183  181  251  309  283  399  294  227  279   55  133   2764
 24011     0  0  ND BISMARK          1945   94  160  198  212  267  240  359  324  207  193   92  116   2462
 24011     0  0  ND BISMARK          1946  170  183  221  308  245  293  357  323  231  129  171  138   2769
 24011     0  0  ND BISMARK          1947  152  137  202  163  278  219  417  354  221  192   79   97   2511
 24011     0  0  ND BISMARK          1948  123  189  238  220  349  264  314  300  264  242  108  152   2763
 24011     0  0  ND BISMARK          1949  147  187  200  308  290  355  367  356  269  168  167  152   2966
 24011     0  0  ND BISMARK          1950  154  170  206  160  196  301  332  312  200  189  174  122   2516
 24011     0  0  ND BISMARK          1951  211  162  240  250  346  288  361  238  174  150  151  120   2691
 24011     0  0  ND BISMARK          1952  167  165  177  339  254  291  369  298  262  247  132  128   2829
 24011     0  0  ND BISMARK          1953  105  152  175  161  265  238  366  287  260  243  154  128   2534
 24011     0  0  ND BISMARK          1954  131  176  227  234  299  268  337  307  216  176  177  183   2731
 24011     0  0  ND BISMARK          1955  162  194  305  257  320  305  357  359  288  271  150  137   3105
 24011     0  0  ND BISMARK          1956  161  177  244  265  254  375  327  319  281  266  153  127   2949
 24011     0  0  ND BISMARK          1957  190  155  232  242  269  266  342  247  235  125  101  158   2562
 24011     0  0  ND BISMARK          1958  143  156  174  236  377  255  293  323  276  230  136  124   2723
 24011     0  0  ND BISMARK          1959  146  212  226  274  236  317  415  342  205  161   76  120   2730
 24011     0  0  ND BISMARK          1960  124  127  165  259  361  347  419  341  314  231  131  115   2934
 24011     0  0  ND BISMARK          1961  179  170  248  308  343  393  331  354  197  210  158  160   3051
 24011     0  0  ND BISMARK          1962  156  155  212  290  165  300  388  345  277  202  106  122   2718
 24011     0  0  ND BISMARK          1963  162   92  259  228  320  359  380  361  244  257  166  135   2963
 24011     0  0  ND BISMARK          1964  185  176  266  243  330  284  377  326  259  248  121   91   2906
 24011     0  0  ND BISMARK          1965  183  231  219  154  281  287  349  320  141  271  137  147   2720
 24011     0  0  ND BISMARK          1966  155  165  271  213  333  313  323  287  259  211   95  152   2778
 24011     0  0  ND BISMARK          1967  131  185  258  196  321  263  412  351  274  154  113  153   2810
 24011     0  0  ND BISMARK          1968  158  143  265  295  338  289  411  343  295  203  130   92   2961
 24011     0  0  ND BISMARK          1969  145  109  266  299  342  290  366  371  279  120  110   97   2796
 24011     0  0  ND BISMARK          1970  113  160  256  266  304  406  415  401  283  193   83  139   3019
 24011     0  0  ND BISMARK          1971  183  182  242  274  329  287  403  382  246  182  106   79   2893
 24011     0  0  ND BISMARK          1972  118  141  225  221  282  314  289  310  230  153   75  120   2478
 24011     0  0  ND BISMARK          1973  195  188  225  258  375  349  386  308  232  182   92  120   2909
 24011     0  0  ND BISMARK          1974  132  146  174  231  258  389  346  246  244  193  135  118   2612
 24011     0  0  ND BISMARK          1975  145  168  237  140  303  299  366  282  268  148  136  102   2594
 24011     0  0  ND BISMARK          1976  154  166  183  261  368  348  373  354  312  194  162   88   2963
 24011     0  0  ND BISMARK          1977  135  122  229  303  311  316  333  244  180  187  150  121   2632
 24011     0  0  ND BISMARK          1978  188  140  301  126  288  360  371  322  271  201  118  129   2815
 24011     0  0  ND BISMARK          1979  164  118  198  184  278  356  366  373  323  172  124  149   2804
 24011     0  0  ND BISMARK          1980  152  100  232  325  357  319  336  263  261  192  152  107   2796
 24011     0  0  ND BISMARK          1981  144  165  269  258  210  281  294  289  272  178  146  106   2612
 24011     0  0  ND BISMARK          1982  139  172  170  226  191  308  335  282  248  144  137  109   2461
 24011     0  0  ND BISMARK          1983  118   83   91  240  199  286  341  325  207  170   49  142   2250
 24011     0  0  ND BISMARK          1984  131  151  150  255  318  267  353  313  228  119  143  123   2551
 24011     0  0  ND BISMARK          1985  131  182  247  261  321  255  348  237  154  202  109  128   2575
 24011     0  0  ND BISMARK          1986  137  109  225  199  302  327  305  307  143  182  118  138   2492
 24011     0  0  ND BISMARK          1987  112   92  122  297  265  364  277  298  241  199  135  104   2506
 94014 24014  1  ND WILLISTON        1903  162  222  270  309  255  268  324  247  161  231   94  133   2674
 94014 24014  0  ND WILLISTON        1904  119  195  209  202  262  230  337  253  159  205  177  113   2459
 94014 24014  0  ND WILLISTON        1905  139  216  174  297  189  213  284  324  231  174  118  140   2497
 94014 24014  0  ND WILLISTON        1906  156  150  239  208  164  -99  -99  254  292  164   90  105    -99
 94014 24014  0  ND WILLISTON        1907  106  165  188  137  202  276  210  -99  210  249  121  129    -99
 94014 24014  0  ND WILLISTON        1909  142  159  208  254  273  324  317  375  286  183   93   55   2669
 94014 24014  0  ND WILLISTON        1910  102  149  245  288  253  328  307  204  198  119  -99  -99    -99
 94014 24014  0  ND WILLISTON        1913   86  128  203  283  282  328  383  332  263  151  149  173   2760
 94014 24014  0  ND WILLISTON        1914  136   99  169  253  298  263  402  302  280  197  126   83   2610
 94014 24014  0  ND WILLISTON        1915  117   93  228  267  247  279  294  351  159  217  133   82   2468
 94014 24014  0  ND WILLISTON        1916   97  162  159  222  242  267  374  335  248  134  132  146   2519
 94014 24014  0  ND WILLISTON        1917  152  184  238  202  370  349  402  372  245  165  186   64   2929
 94014 24014  0  ND WILLISTON        1918  110  167  226  232  290  366  321  315  260  194  142   86   2709
 94014 24014  0  ND WILLISTON        1919  137  118  202  243  351  415  380  365  256  180  157  154   2958
 94014 24014  0  ND WILLISTON        1920  106  159  244  255  322  374  411  364  309  238  144  121   3047
 94014 24014  0  ND WILLISTON        1921  156  187  246  305  342  314  395  383  205  232   88  138   2991
 94014 24014  0  ND WILLISTON        1922  138  185  231  239  270  333  351  344  288  216  112  157   2865
 94014 24014  0  ND WILLISTON        1923  137  199  223  271  370  341  378  344  268  212  170  189   3102
 94014 24014  0  ND WILLISTON        1924  153  126  200  188  314  277  372  323  255  220  136  121   2683
 94014 24014  0  ND WILLISTON        1925  145  142  235  225  325  300  390  345  184  130  161  132   2714
 94014 24014  0  ND WILLISTON        1926  156  152  237  322  292  314  404  286  179  186   78  185   2790
 94014 24014  0  ND WILLISTON        1927  161  190  231  257  184  338  363  329  261  189   93  172   2768
 94014 24014  0  ND WILLISTON        1928  163  211  218  247  359  256  337  321  261  193  186  144   2894
 94014 24014  0  ND WILLISTON        1929  137  152  219  259  334  340  414  365  191  201  120  139   2870
 94014 24014  0  ND WILLISTON        1930  148  168  263  267  305  324  391  306  265  174  164  136   2912
 94014 24014  0  ND WILLISTON        1931  192  183  176  309  333  325  365  301  269  214  150  139   2954
 94014 24014  0  ND WILLISTON        1932  160  181  204  216  324  318  397  302  284  143  126  164   2819
 94014 24014  0  ND WILLISTON        1933  120  173  218  230  259  372  414  333  263  178  129  100   2791
 94014 24014  0  ND WILLISTON        1934  145  200  211  323  368  286  371  332  207  224  161  121   2949
 94014 24014  0  ND WILLISTON        1935  111  171  197  249  193  309  392  308  240  237   96  148   2651
 94014 24014  0  ND WILLISTON        1936  141  200  224  281  382  332  412  291  265  203  183  140   3055
 94014 24014  0  ND WILLISTON        1937  183  194  256  218  305  356  311  359  233  183  113  141   2852
 94014 24014  0  ND WILLISTON        1938  116  183  214  266  226  313  366  342  262  206  114  136   2744
 94014 24014  0  ND WILLISTON        1939  121  182  286  289  340  274  389  334  250  172  229  136   3002
 94014 24014  0  ND WILLISTON        1940  167  101  186  194  353  358  326  372  276  196  134  129   2792
 94014 24014  0  ND WILLISTON        1941  131  187  168  167  270  278  359  292  202  193  121  152   2520
 94014 24014  0  ND WILLISTON        1942  208  103  176  222  266  292  388  299  207  221  124   64   2570
 94014 24014  0  ND WILLISTON        1943  132  187  248  313  297  312  401  370  296  237  117  152   3062
 94014 24014  0  ND WILLISTON        1944  207  176  190  259  318  295  415  306  264  291   90  114   2925
 94014 24014  0  ND WILLISTON        1945  120  187  230  240  281  233  393  321  216  233   88   60   2602
 94014 24014  0  ND WILLISTON        1946   98  130  201  279  252  261  354  297  192  111  106   30   2311
 94014 24014  0  ND WILLISTON        1947  119  159  207  248  308  245  418  351  233  209  114  115   2726
 94014 24014  0  ND WILLISTON        1948  139  177  249  292  369  342  407  384  321  269  109  150   3208
 94014 24014  0  ND WILLISTON        1949  141  180  252  361  369  381  376  415  315  197  194  137   3318
 94014 24014  0  ND WILLISTON        1950  143  199  254  275  321  372  396  338  246  183  139   97   2962
 94014 24014  0  ND WILLISTON        1951  153  156  248  279  363  298  427  284  178  141  120  113   2760
 94014 24014  0  ND WILLISTON        1952  118  131  223  378  374  368  396  341  280  266  117  169   3161
 94014 24014  0  ND WILLISTON        1953  111  180  208  226  274  280  423  372  268  247  171  101   2861
 94014 24014  0  ND WILLISTON        1954  139  165  197  248  291  287  375  276  204  202  153  171   2708
 94014 24014  0  ND WILLISTON        1955   91  153  218  231  263  298  332  364  242  225  131   96   2644
 94014 24014  0  ND WILLISTON        1956  169  178  204  241  268  326  327  301  277  252  132  121   2796
 94014 24014  0  ND WILLISTON        1957  125  160  237  218  322  297  -99  -99  -99  -99  -99  -99    -99
 94014 24014  0  ND WILLISTON        1958  136  108  158  227  378  309  294  314  202  197  143  174   2640
 94014 24014  0  ND WILLISTON        1959  159  209  237  265  268  325  391  313  159  126   57  111   2620
 94014 24014  0  ND WILLISTON        1960  131  146  195  207  281  311  361  304  312  205  142  100   2695
 94014 24014  0  ND WILLISTON        1961  166  175  224  250  337  404  354  364  196  206  152  114   2942
 94014 94014  1  ND WILLISTON        1962   99  123  185  264  173  319  296  318  277  184  114  136   2488
 94014     0  0  ND WILLISTON        1963  176  105  220  168  228  293  366  335  255  251  164  138   2699
 94014     0  0  ND WILLISTON        1964  162  170  240  244  304  273  394  290  202  225  139  127   2768
 94014     0  0  ND WILLISTON        1965  126  182  218  177  267  297  380  319  143  252  119  144   2624
 94014     0  0  ND WILLISTON        1966  136  160  251  214  305  274  311  318  271  204  100  102   2646
 94014     0  0  ND WILLISTON        1967  103  216  261  231  331  337  417  372  285  177  117  177   3023
 94014     0  0  ND WILLISTON        1968  181  171  292  325  332  256  390  300  271  187  109  160   2975
 94014     0  0  ND WILLISTON        1969  128  166  245  287  344  316  389  406  294  160  146   90   2971
 94014     0  0  ND WILLISTON        1970   91  174  237  171  266  392  383  397  247  187   74  168   2785
 94014     0  0  ND WILLISTON        1971  165  206  193  195  351  291  364  360  218  181   87  123   2734
 94014     0  0  ND WILLISTON        1972  125  179  161  202  260  345  330  327  174  166   54  100   2423
 94014     0  0  ND WILLISTON        1973  123  150  245  232  320  340  388  314  251  181  102   69   2713
 94014     0  0  ND WILLISTON        1974   87  125  166  230  178  353  354  269  236  205  161  117   2480
 94014     0  0  ND WILLISTON        1975  138  210  199   80  -99  -99  -99  331  262  130  107  113    -99
 94014     0  0  ND WILLISTON        1976  144  149  227  227  345  275  340  319  293  151  158   72   2699
 94014     0  0  ND WILLISTON        1977  121  135  236  309  317  295  357  246  154  214  144  113   2641
 94014     0  0  ND WILLISTON        1978  167  168  238  201  264  342  382  372  258  205  103  136   2836
 94014     0  0  ND WILLISTON        1979  187  153  211  235  281  369  373  369  322  206  127  147   2980
 94014     0  0  ND WILLISTON        1980  172  151  258  352  397  366  383  280  234  203  139  122   3056
 94014     0  0  ND WILLISTON        1981  150  184  290  291  281  306  393  -99  310  183  145  109    -99
 94014     0  0  ND WILLISTON        1982  165  198  256  286  212  331  368  350  311  193  100  121   2892
 94014     0  0  ND WILLISTON        1983  132  116  157  324  333  362  396  369  257  223  114  140   2925
 94014     0  0  ND WILLISTON        1984  157  211  211  309  360  311  389  366  250  183  147  146   3040
 94014     0  0  ND WILLISTON        1985  170  185  280  299  343  336  372  274  196  241  152  127   2975
 94014     0  0  ND WILLISTON        1986  143  160  225  254  320  331  372  376  158  211   72  153   2775
 94014     0  0  ND WILLISTON        1987  176  154  166  287  249  374  309  318  287  208  150  130   2808
 94942     0  0  ND ELLENDALE        1917  -99  -99  -99  -99  -99  -99  -99  -99  -99  -99  -99   82    -99
 94942     0  0  ND ELLENDALE        1918  120  180  252  253  240  328  327  331  272  216  144   74   2735
 94942     0  0  ND ELLENDALE        1919  172  143  217  235  305  334  372  356  225  153  113  173   2798
 94942     0  0  ND ELLENDALE        1920  139  152  246  237  252  262  318  331  191  230   98  118   2575
 94942     0  0  ND ELLENDALE        1921  165  166  196  267  280  316  316  306  227  204  116  158   2717
 94942     0  0  ND ELLENDALE        1922  190  210  202  246  278  342  368  374  253  242  110  156   2971
 94942     0  0  ND ELLENDALE        1923  159  196  261  259  336  325  358  323  278  230  158  185   3069
 94942     0  0  ND ELLENDALE        1924  181  200  224  240  270  257  413  319  216  237  150  143   2850
 94942     0  0  ND ELLENDALE        1925  169  138  238  263  340  269  236  353  182  134  158  116   2596
 94942     0  0  ND ELLENDALE        1926  156  134  240  324  322  323  331  279  210  223  114  176   2834
 94942     0  0  ND ELLENDALE        1927  183  171  222  203  191  326  366  358  275  219  115  152   2782
 94942     0  0  ND ELLENDALE        1928  169  200  275  325  364  332  387  331  273  189  148  172   3164
 94942     0  0  ND ELLENDALE        1929  172  192  205  249  350  374  375  337  151  224  144  137   2910
 94942     0  0  ND ELLENDALE        1930  162  174  262  268  298  366  413  322  303  163  169  140   3039
 94942     0  0  ND ELLENDALE        1931  188  187  210  316  311  348  385  324  298  177  171  165   3080
 94942     0  0  ND ELLENDALE        1932  154  199  251  216  287  374  396  320  287  159  173  192   3008