 14939 14971  1  NE LINCOLN          1933  181  212  202  228  250  365  367  234  275  265  214  165   2960
 14939 14971  0  NE LINCOLN          1934  163  203  222  313  359  360  383  293  261  276  153  141   3127
 14939 14971  0  NE LINCOLN          1935  158  178  239  208  137  310  416  300  283  189  113  126   2657
 14939 14971  0  NE LINCOLN          1936  152  190  285  276  321  375  424  323  250  227  242  136   3202
 14939 14971  0  NE LINCOLN          1937  189  185  204  255  346  322  393  364  276  221  173  161   3089
 14939 14971  0  NE LINCOLN          1938  183  136  201  281  249  330  370  304  274  287  204  201   3020
 14939 14971  0  NE LINCOLN          1939  166  190  240  244  354  298  357  279  301  260  207  199   3095
 14939 14971  0  NE LINCOLN          1940  194  125  160  231  331  312  361  264  270  237  130  109   2724
 14939 14971  0  NE LINCOLN          1941  151  157  234  217  341  288  332  323  251  154  150  140   2739
 14939 14971  0  NE LINCOLN          1942  203  152  195  272  266  268  363  305  185  224  153   79   2665
 14939 14971  0  NE LINCOLN          1943  178  201  225  271  231  336  405  327  277  245  171  178   3045
 14939 14971  0  NE LINCOLN          1944  190  180  184  138  308  328  376  301  238  263   83  149   2738
 14939 14971  0  NE LINCOLN          1945  139  131  280  208  242  249  338  314  238  233  211  140   2723
 14939 14971  0  NE LINCOLN          1946  194  211  207  278  249  334  339  240  210  194  181  183   2820
 14939 14971  0  NE LINCOLN          1947  197  141  218  204  294  269  382  366  282  249  108  158   2868
 14939 14971  0  NE LINCOLN          1948  170  133  229  263  320  309  362  328  304  254  126  134   2932
 14939 14971  0  NE LINCOLN          1949  121  157  147  280  264  275  376  332  261  218  257  163   2851
 14939 14971  0  NE LINCOLN          1950  161  188  203  220  273  374  225  263  241  284  157  193   2782
 14939 14971  0  NE LINCOLN          1951  219  152  205  163  265  186  294  263  158  175  177  157   2414
 14939 14971  0  NE LINCOLN          1952  174  156  160  203  304  361  368  270  309  283  211  190   2989
 14939 14971  0  NE LINCOLN          1953  178  172  205  206  286  342  332  357  327  286  171  193   3055
 14939 14971  0  NE LINCOLN          1954  176  212  218  267  288  367  368  263  302  163  227  187   3038
 14939 14971  0  NE LINCOLN          1955  177  143  260  348  340  256  397  366  267  267  206  165   3192
 14939 14971  0  NE LINCOLN          1956  154  215  306  257  264  387  355  343  314  292  217  196   3300
 14939 14971  0  NE LINCOLN          1957  177  200  171  244  243  285  349  314  276  168  130  165   2722
 14939 14971  0  NE LINCOLN          1958  167  172  191  232  319  309  271  340  284  318  185  172   2960
 14939 14971  0  NE LINCOLN          1959  171  194  222  268  270  345  364  338  231  206  195  130   2934
 14939 14971  0  NE LINCOLN          1960  185  147  170  284  313  293  373  352  308  251  208  192   3076
 14939 14971  0  NE LINCOLN          1961  246  163  178  286  277  343  342  322  223  234  136  128   2878
 14939 14971  0  NE LINCOLN          1962  197  136  192  283  321  285  361  336  238  219  145  146   2859
 14939 14971  0  NE LINCOLN          1963  143  169  231  221  237  306  320  281  196  289  229  171   2793
 14939 14971  0  NE LINCOLN          1964  214  196  224  191  300  305  358  265  191  254  147  133   2778
 14939 14971  0  NE LINCOLN          1965  149  159  -99  -99  234  212  289  261  124  258  175  144    -99
 14939 14971  0  NE LINCOLN          1966  190  209  269  184  333  290  319  302  220  267  152  131   2866
 14939 14971  0  NE LINCOLN          1967  153  212  236  268  244  264  359  347  263  222  187  121   2875
 14939 14971  0  NE LINCOLN          1968  183  180  297  255  297  337  340  295  272  212  119  110   2897
 14939 14971  0  NE LINCOLN          1969   88  117  199  250  252  273  312  280  265  157  176  156   2526
 14939 14971  0  NE LINCOLN          1970  168  214  197  265  307  316  356  319  233  178  128  169   2851
 14939 14971  0  NE LINCOLN          1971  181  178  220  253  258  337  342  294  234  202  160   92   2751
 14939 14939  1  NE LINCOLN          1972  183  199  215  199  239  332  232  262  221  147   77  121   2427
 14939     0  0  NE LINCOLN          1973  173  139  103  242  290  347  302  350  130  235  112  133   2555
 14939     0  0  NE LINCOLN          1974  198  167  222  256  286  372  401  261  282  216  174  180   3014
 14939     0  0  NE LINCOLN          1975  158  127  194  196  322  318  399  345  242  291  139  135   2866
 14939     0  0  NE LINCOLN          1976  194  201  213  231  305  365  321  330  269  222  223  202   3076
 14939     0  0  NE LINCOLN          1977  193  188  213  235  289  333  360  237  219  187  154  163   2771
 14939     0  0  NE LINCOLN          1978  135  121  254  162  208  348  323  348  284  266  131  164   2744
 14939     0  0  NE LINCOLN          1979  160  158  207  214  269  305  281  315  341  214  177  178   2819
 14939     0  0  NE LINCOLN          1980  143  103  208  280  317  377  357  317  290  266  225  131   3014
 14939     0  0  NE LINCOLN          1981  225  218  259  252  272  326  219  273  270  173  170  113   2772
 14939     0  0  NE LINCOLN          1982  121  182  185  244  166  259  354  192  197  187  130  144   2361
 14939     0  0  NE LINCOLN          1983  109  122  148  155  283  261  387  326  281  172   94  111   2450
 14939     0  0  NE LINCOLN          1984  189  170   93  173  234  300  367  329  246  148  182  146   2577
 14939     0  0  NE LINCOLN          1985  184  157  244  219  304  289  297  243  164  144  119  175   2539
 14939     0  0  NE LINCOLN          1986  223  122  236  231  255  307  320  222  164  175  166  164   2585
 14939     0  0  NE LINCOLN          1987  172  154  207  303  264  339  348  243  250  231  146  120   2777
 24023 24055  1  NE NORTH PLATTE     1908  236  187  280  278  275  295  266  265  277  166  151  181   2857
 24023 24055  0  NE NORTH PLATTE     1909  182  220  231  260  297  271  336  322  270  242  180  138   2948
 24023 24055  0  NE NORTH PLATTE     1910  183  238  322  287  284  331  366  289  222  290  206  176   3194
 24023 24055  0  NE NORTH PLATTE     1911  188  213  284  245  262  389  318  288  224  175  187  166   2937
 24023 24055  0  NE NORTH PLATTE     1912  166  142  186  235  285  296  335  307  212  278  227  180   2848
 24023 24055  0  NE NORTH PLATTE     1913  203  190  262  290  308  380  396  377  277  216  162  156   3217
 24023 24055  0  NE NORTH PLATTE     1914  182  174  228  256  302  376  393  352  304  224  234  160   3184
 24023 24055  0  NE NORTH PLATTE     1915  165  128  143  259  262  293  302  307  254  276  192  149   2730
 24023 24055  0  NE NORTH PLATTE     1916  160  222  228  237  312  301  415  328  312  236  202  164   3118
 24023 24055  0  NE NORTH PLATTE     1917  215  166  233  223  242  372  414  329  274  241  217  131   3058
 24023 24055  0  NE NORTH PLATTE     1918  157  215  290  203  305  391  356  358  253  223  187  144   3082
 24023 24055  0  NE NORTH PLATTE     1919  250  170  193  212  332  342  392  346  280  210  152  188   3069
 24023 24055  0  NE NORTH PLATTE     1920  166  183  274  211  242  330  411  358  314  284  179  160   3112
 24023 24055  0  NE NORTH PLATTE     1921  150  204  253  271  311  362  396  340  296  296  170  159   3210
 24023 24055  0  NE NORTH PLATTE     1922  201  202  250  226  321  401  361  375  304  255  171  177   3244
 24023 24055  0  NE NORTH PLATTE     1923  244  247  276  273  289  317  382  342  292  187  224  154   3227
 24023 24055  0  NE NORTH PLATTE     1924  210  185  178  296  293  342  395  344  259  250  209  131   3094
 24023 24055  0  NE NORTH PLATTE     1925  216  192  261  288  309  362  403  362  283  153  195  159   3182
 24023 24055  0  NE NORTH PLATTE     1926  166  194  232  262  342  345  364  371  242  265  142  157   3082
 24023 24055  0  NE NORTH PLATTE     1927  170  173  190  224  326  290  383  324  284  283  101  202   2950
 24023 24055  0  NE NORTH PLATTE     1928  229  237  286  271  313  272  338  361  321  204  173  191   3196
 24023 24055  0  NE NORTH PLATTE     1929  165  204  253  271  297  322  363  345  213  255  228  246   3162
 24023 24055  0  NE NORTH PLATTE     1930  210  222  250  219  244  336  369  296  308  239  209  196   3096
 24023 24055  0  NE NORTH PLATTE     1931  249  209  264  300  360  357  361  312  267  222  198  200   3299
 24023 24055  0  NE NORTH PLATTE     1932  187  213  292  250  347  325  322  341  299  240  190  144   3150
 24023 24055  0  NE NORTH PLATTE     1933  184  219  210  243  273  376  350  218  276  323  250  199   3122
 24023 24055  0  NE NORTH PLATTE     1934  217  208  247  306  340  350  352  328  256  281  179  168   3232
 24023 24055  0  NE NORTH PLATTE     1935  231  184  243  231  173  341  404  313  282  249  148  154   2953
 24023 24055  0  NE NORTH PLATTE     1936  155  181  266  283  298  357  392  342  278  237  234  165   3187
 24023 24055  0  NE NORTH PLATTE     1937  195  201  200  269  298  252  375  344  259  226  215  208   3042
 24023 24055  0  NE NORTH PLATTE     1938  192  186  199  257  251  303  343  326  253  266  204  170   2950
 24023 24055  0  NE NORTH PLATTE     1939  158  202  272  241  319  318  332  276  292  266  221  162   3059
 24023 24055  0  NE NORTH PLATTE     1940  189  149  199  240  381  366  328  280  216  279  193  155   2975
 24023 24055  0  NE NORTH PLATTE     1941  180  163  173  170  288  262  307  287  231  171  191  163   2587
 24023 24055  0  NE NORTH PLATTE     1942  198  154  240  212  318  300  374  290  205  202  184  134   2811
 24023 24055  0  NE NORTH PLATTE     1943  186  209  247  262  231  302  384  336  304  272  170  189   3092
 24023 24055  0  NE NORTH PLATTE     1944  183  154  186  190  317  278  328  313  254  249  105  153   2710
 24023 24055  0  NE NORTH PLATTE     1945  145  103  281  219  298  271  356  316  274  272  184  138   2857
 24023 24055  0  NE NORTH PLATTE     1946  187  221  217  282  271  354  388  296  240  204  165  161   2986
 24023 24055  0  NE NORTH PLATTE     1947  209  181  241  232  278  304  331  345  262  209  114  165   2871
 24023 24055  0  NE NORTH PLATTE     1948  195  191  243  297  299  247  365  306  313  262  145  139   3002
 24023 24023  1  NE NORTH PLATTE     1949  159  197  158  257  230  274  346  316  253  216  231  182   2819
 24023     0  0  NE NORTH PLATTE     1950  146  185  205  203  221  364  251  268  217  263  132  148   2603
 24023     0  0  NE NORTH PLATTE     1951  137  146  233  219  212  217  242  224  216  202  167  141   2356
 24023     0  0  NE NORTH PLATTE     1952  204  205  218  258  305  363  337  263  276  285  157  186   3057
 24023     0  0  NE NORTH PLATTE     1953  151  177  260  251  299  338  313  284  323  292  182  185   3055
 24023     0  0  NE NORTH PLATTE     1954  162  218  206  247  257  324  361  263  269  164  214  174   2859
 24023     0  0  NE NORTH PLATTE     1955  173  160  238  299  320  224  388  348  251  238  156  117   2912
 24023     0  0  NE NORTH PLATTE     1956  137  182  262  251  282  375  338  304  310  291  211  221   3164
 24023     0  0  NE NORTH PLATTE     1957  177  183  150  213  215  268  340  291  252  140  158  197   2584
 24023     0  0  NE NORTH PLATTE     1958  185  114  118  177  280  271  255  347  260  271  207  168   2653
 24023     0  0  NE NORTH PLATTE     1959  174  159  209  271  229  348  366  316  242  223  180  193   2910
 24023     0  0  NE NORTH PLATTE     1960  186  112  154  248  282  272  347  325  280  251  217  199   2873
 24023     0  0  NE NORTH PLATTE     1961  256  159  189  256  212  325  315  301  227  226  177  170   2813
 24023     0  0  NE NORTH PLATTE     1962  188  168  222  289  278  268  342  370  208  258  177  180   2948
 24023     0  0  NE NORTH PLATTE     1963  189  180  258  276  265  369  355  261  201  254  255  222   3085
 24023     0  0  NE NORTH PLATTE     1964  263  192  233  203  272  324  417  318  273  274  178  122   3068
 24023     0  0  NE NORTH PLATTE     1965  175  178  244  239  309  241  327  307  167  287  171  141   2786
 24023     0  0  NE NORTH PLATTE     1966  142  142  290  234  353  322  317  307  270  285  160  144   2966
 24023     0  0  NE NORTH PLATTE     1967  156  219  236  255  195  268  307  325  275  264  192  148   2841
 24023     0  0  NE NORTH PLATTE     1968  209  196  301  257  261  346  335  312  292  240  142  148   3037
 24023     0  0  NE NORTH PLATTE     1969   90  109  226  287  275  281  328  304  274  135  220  157   2686
 24023     0  0  NE NORTH PLATTE     1970  171  198  178  259  336  372  382  324  290  224  141  212   3085
 24023     0  0  NE NORTH PLATTE     1971  169  166  230  253  249  337  371  320  252  253  156  160   2916
 24023     0  0  NE NORTH PLATTE     1972  157  192  266  209  263  291  319  315  245  162  124  168   2712
 24023     0  0  NE NORTH PLATTE     1973  190  188  177  237  319  338  282  344  163  244  107  104   2693
 24023     0  0  NE NORTH PLATTE     1974  206  194  206  275  323  343  380  305  302  213  174  205   3126
 24023     0  0  NE NORTH PLATTE     1975  170  159  183  220  300  309  389  337  258  288  198  167   2977
 24023     0  0  NE NORTH PLATTE     1976  198  194  248  212  313  355  337  331  265  243  210  206   3111
 24023     0  0  NE NORTH PLATTE     1977  191  210  238  249  283  313  319  259  250  239  209  200   2961
 24023     0  0  NE NORTH PLATTE     1978  148  132  260  242  323  359  383  324  301  291  148  178   3088
 24023     0  0  NE NORTH PLATTE     1979  201  177  219  264  297  321  316  333  335  233  199  195   3088
 24023     0  0  NE NORTH PLATTE     1980  140  186  210  315  296  358  385  338  274  270  198  151   3120
 24023     0  0  NE NORTH PLATTE     1981  193  222  253  288  259  356  325  296  293  203  171  144   3005
 24023     0  0  NE NORTH PLATTE     1982  169  195  229  295  278  213  334  246  227  210  175  212   2783
 24023     0  0  NE NORTH PLATTE     1983  151  175  145  189  311  238  361  325  310  196  139  142   2684
 24023     0  0  NE NORTH PLATTE     1984  223  219  187  206  273  283  347  306  262  135  160  157   2756
 24023     0  0  NE NORTH PLATTE     1985  157  196  270  252  323  335  348  311  179  202   86  160   2819
 24023     0  0  NE NORTH PLATTE     1986  247  151  222  240  300  330  394  367  190  175  154  189   2959
 24023     0  0  NE NORTH PLATTE     1987  163  131  177  304  309  375  408  307  306  261  160  166   3067
 24032     0  0  NE VALENTINE        1933  186  208  216  252  254  389  358  268  263  244  144  134   2917
 24032     0  0  NE VALENTINE        1934  164  195  214  297  362  329  376  326  258  284  207  178   3190
 24032     0  0  NE VALENTINE        1935  212  184  270  184  178  332  387  321  286  240  156  144   2894
 24032     0  0  NE VALENTINE        1936  170  196  269  255  338  360  412  312  281  236  202  130   3162
 24032     0  0  NE VALENTINE        1937  169  210  197  255  314  311  400  345  300  218  140  159   3018
 24032     0  0  NE VALENTINE        1938  144  225  240  238  241  313  328  334  262  245  112  183   2865
 24032     0  0  NE VALENTINE        1939  202  209  271  289  323  355  403  373  304  254  232  174   3389
 24032     0  0  NE VALENTINE        1940  150  117  137  193  356  357  362  337  257  265  144  172   2847
 24032     0  0  NE VALENTINE        1941  188  168  188  213  319  286  356  320  251  171  166  147   2773
 24032     0  0  NE VALENTINE        1942  194  137  204  250  243  283  346  300  200  206  122  144   2629
 24032     0  0  NE VALENTINE        1943  169  198  266  301  283  321  398  363  321  291  151  187   3249
 24032     0  0  NE VALENTINE        1944  185  209  209  179  327  307  365  316  287  273  132  178   2967
 24032     0  0  NE VALENTINE        1945  189  183  287  241  281  259  374  324  257  287  190  160   3032
 24032     0  0  NE VALENTINE        1946  226  238  236  322  287  338  362  328  264  198  180  182   3161
 24032     0  0  NE VALENTINE        1947  206  174  222  210  320  298  414  361  282  264  133  204   3088
 24032     0  0  NE VALENTINE        1948  203  190  263  309  320  314  395  358  292  285  145  167   3241
 24032     0  0  NE VALENTINE        1949  165  237  225  314  304  340  403  362  282  209  254  209   3304
 24032     0  0  NE VALENTINE        1950  210  225  247  228  282  365  329  336  230  252  187  167   3058
 24032     0  0  NE VALENTINE        1951  158  175  267  286  287  299  306  275  233  184  199  136   2805
 24032     0  0  NE VALENTINE        1952  187  194  196  277  300  363  404  334  318  304  186  205   3268
 24032     0  0  NE VALENTINE        1953  190  194  271  244  311  337  292  306  337  286  178  168   3114
 24032     0  0  NE VALENTINE        1954  184  239  223  284  336  310  395  292  280  224  225  179   3171
 24032     0  0  NE VALENTINE        1955  201  186  262  324  365  286  415  313  262  251  200  170   3235
 24032     0  0  NE VALENTINE        1956  163  218  285  240  295  377  341  286  286  296  193  193   3173
 24032     0  0  NE VALENTINE        1957  196  217  228  205  204  311  367  300  288  128  164  205   2813
 24032     0  0  NE VALENTINE        1958  199  178  171  212  337  287  315  366  284  286  197  193   3025
 24032     0  0  NE VALENTINE        1959  207  208  212  261  258  343  384  337  279  229  189  174   3081
 24032     0  0  NE VALENTINE        1960  199  167  223  230  297  287  389  355  278  269  198  213   3105
 24032     0  0  NE VALENTINE        1961  247  214  192  255  212  362  359  320  226  246  218  192   3043
 24032     0  0  NE VALENTINE        1962  212  170  243  298  252  282  335  363  256  257  189  196   3053
 24032     0  0  NE VALENTINE        1963  220  178  246  219  260  270  363  305  208  289  237  189   2984
 24032     0  0  NE VALENTINE        1964  218  203  273  168  295  292  377  283  248  293  165  143   2958
 24032     0  0  NE VALENTINE        1965  142  222  227  219  281  253  361  345  184  274  200  168   2876
 24032     0  0  NE VALENTINE        1966  204  188  286  226  373  355  359  327  237  252  183  151   3142
 24032     0  0  NE VALENTINE        1967  186  231  223  276  204  225  339  340  258  225  182  164   2853
 24032     0  0  NE VALENTINE        1968  193  182  270  283  299  321  382  301  292  234  144  114   3016
 24032     0  0  NE VALENTINE        1969  128  118  212  281  290  262  315  344  291  143  181  139   2703
 24032     0  0  NE VALENTINE        1970  157  167  207  240  263  344  357  289  254  202  131  214   2824
 24032     0  0  NE VALENTINE        1971  179  162  182  216  257  298  332  350  244  227  114  144   2704
 24032     0  0  NE VALENTINE        1972  152  188  218  191  257  281  316  325  265  169  125  121   2608
 24032     0  0  NE VALENTINE        1973  196  191  159  237  346  356  337  352  172  235  117  120   2820
 24032     0  0  NE VALENTINE        1974  215  189  215  259  321  392  397  352  319  260  212  224   3355
 24032     0  0  NE VALENTINE        1975  211  181  192  266  344  350  413  354  301  270  199  149   3228
 24032     0  0  NE VALENTINE        1976  198  201  246  254  355  391  354  343  291  270  213  179   3295
 24032     0  0  NE VALENTINE        1977  176  188  236  269  332  372  359  328  277  229  187  166   3119
 24032     0  0  NE VALENTINE        1978  177  120  248  196  334  394  374  385  324  276  165  176   3168
 24032     0  0  NE VALENTINE        1979  206  205  200  247  310  334  329  303  330  203  170  206   3041
 24032     0  0  NE VALENTINE        1980  171  171  191  294  281  336  362  294  301  231  214  155   2999
 24032     0  0  NE VALENTINE        1981  214  219  297  299  257  348  322  285  286  191  175  114   3006
 24032     0  0  NE VALENTINE        1982   95  196  201  222  219  270  345  277  250  192  159  178   2605
 24032     0  0  NE VALENTINE        1983  115  157  123  192  246  248  309  319  257  179  144  147   2437
 24032     0  0  NE VALENTINE        1984  148  156  101  148  238  276  294  -99  -99  -99  -99  -99    -99
 24032     0  0  NE VALENTINE        1985  -99  -99  -99  -99  -99  -99  -99  -99  -99  -99  -99  -99    -99
 24032     0  0  NE VALENTINE        1986  -99  -99  -99  -99  -99  -99  -99  -99  -99  -99  -99  -99    -99
 24032     0  0  NE VALENTINE        1987  -99  -99  -99  -99  -99  -99  -99  -99  -99  -99  -99  -99    -99
 94918 14983  8  NE NORTH OMAHA      1896  -99  -99  -99  -99  -99  -99  -99  267  212  225  153  134    -99
 94918 14983  0  NE NORTH OMAHA      1897  154  134  156  198  314  270  355  309  325  225  159  110   2709
 94918 14983  0  NE NORTH OMAHA      1898  157  194  228  247  211  266  225  302  266  148  178  186   2608
 94918 14983  0  NE NORTH OMAHA      1899  191  195  193  233  122  -99  -99  -99  -99  -99  -99   50    -99
 94918 14983  0  NE NORTH OMAHA      1900  167  130  242  224  287  370  376  350  293  231  156  159   2986
 94918 14983  0  NE NORTH OMAHA      1901  200  205  198  269  320  347  392  312  207  214  203  123   2990
 94918 14983  0  NE NORTH OMAHA      1902  191  136  193  263  224  209  271  253  226  219  130  115   2429
 94918 14983  0  NE NORTH OMAHA      1903  190  183  184  243  249  307  325  235  225  240  143  154   2679
 94918 14983  0  NE NORTH OMAHA      1904  153  172  200  257  288  250  281  282  211  190  239  160   2683
 94918 14983  0  NE NORTH OMAHA      1905  166  205  151  233  282  283  334  322  241  211  180  217   2824
 94918 14983  0  NE NORTH OMAHA      1906  170  195  155  240  314  346  361  322  277  214  117  112   2823
 94918 14983  0  NE NORTH OMAHA      1907  110  195  204  242  262  308  335  305  240  237  203  123   2766
 94918 14983  0  NE NORTH OMAHA      1908  212  164  207  269  235  245  318  272  290  197  185  175   2770
 94918 14983  0  NE NORTH OMAHA      1909   98  164  196  201  282  278  297  362  222  202  139  106   2546
 94918 14983  0  NE NORTH OMAHA      1910  131  194  299  256  244  317  304  257  216  243  156  133   2750
 94918 14983  0  NE NORTH OMAHA      1911   92  142  244  215  256  316  287  252  148  169  161  160   2443
 94918 14983  0  NE NORTH OMAHA      1912  183  151  197  215  343  272  336  242  175  234  114  196   2656
 94918 14983  0  NE NORTH OMAHA      1913  170  177  163  254  207  319  340  280  236  221  126  166   2658
 94918 14983  0  NE NORTH OMAHA      1914  169  146  204  227  320  343  382  318  263  209  235  122   2937
 94918 14983  0  NE NORTH OMAHA      1915  140   90  131  259  221  294  274  277  207  267  173  134   2467
 94918 14983  0  NE NORTH OMAHA      1916  146  196  241  191  280  308  408  273  258  220  204  180   2905
 94918 14983  0  NE NORTH OMAHA      1917  231  216  254  202  306  334  396  307  251  203  173  116   2990
 94918 14983  0  NE NORTH OMAHA      1918  182  191  283  236  298  362  325  299  254  162  158  114   2864
 94918 14983  0  NE NORTH OMAHA      1919  210  148  231  164  292  296  386  310  227  169  141  136   2710
 94918 14983  0  NE NORTH OMAHA      1920  147  104  225  159  230  299  354  282  271  238  114  160   2585
 94918 14983  0  NE NORTH OMAHA      1921  132  208  248  266  340  347  361  322  265  252  146  191   3079
 94918 14983  0  NE NORTH OMAHA      1922  203  219  230  268  323  366  340  344  287  259  170  167   3177
 94918 14983  0  NE NORTH OMAHA      1923  140  180  229  240  294  298  378  303  250  230  201  150   2892
 94918 14983  0  NE NORTH OMAHA      1924  191  193  202  331  305  330  375  334  268  262  187  124   3102
 94918 14983  0  NE NORTH OMAHA      1925  191  162  253  260  350  326  387  352  250  167  173  148   3019
 94918 14983  0  NE NORTH OMAHA      1926  154  218  242  272  315  346  356  357  198  220  129  148   2954
 94918 14983  0  NE NORTH OMAHA      1927  199  191  191  185  261  305  370  232  238  241  108  179   2701
 94918 14983  0  NE NORTH OMAHA      1928  200  201  244  276  319  279  366  301  287  186  160  138   2957
 94918 14983  0  NE NORTH OMAHA      1929  100  140  208  221  265  311  296  310  230  200  177  159   2616
 94918 14983  0  NE NORTH OMAHA      1930  202  228  290  260  312  377  370  221  228  220  216  141   3064
 94918 14983  0  NE NORTH OMAHA      1931  230  225  215  273  310  350  378  327  264  221  140  133   3066
 94918 14983  0  NE NORTH OMAHA      1932  121  186  230  235  329  330  344  302  291  211  195  175   2949
 94918 14983  0  NE NORTH OMAHA      1933  207  229  229  272  274  383  375  268  275  276  205  166   3159
 94918 14983  0  NE NORTH OMAHA      1934  148  227  247  321  384  358  373  283  231  283  154  108   3117
 94918 14942  6  NE NORTH OMAHA      1935  146  172  246  193  130  289  406  309  282  222  122  140   2657
 94918 14942  0  NE NORTH OMAHA      1936  172  208  294  308  362  398  441  313  225  255  233  142   3351
 94918 14942  0  NE NORTH OMAHA      1937  186  196  208  235  354  343  393  382  307  223  168  144   3139
 94918 14942  0  NE NORTH OMAHA      1938  139  119  187  246  251  314  370  322  291  289  170  131   2829
 94918 14942  0  NE NORTH OMAHA      1939  195  196  226  260  328  285  347  271  312  261  164  130   2975
 94918 14942  0  NE NORTH OMAHA      1940  162  110  134  187  302  299  306  223  257  238  106   81   2405
 94918 14942  0  NE NORTH OMAHA      1941  143  158  190  200  289  255  339  345  251  188  156  129   2643
 94918 14942  0  NE NORTH OMAHA      1942  207  131  154  259  287  232  358  307  205  243  167   86   2636
 94918 14942  0  NE NORTH OMAHA      1943  156  214  241  259  252  302  386  290  266  259  132  182   2939
 94918 14942  0  NE NORTH OMAHA      1944  207  166  162  147  199  231  332  287  245  261   56  136   2429
 94918 14942  0  NE NORTH OMAHA      1945  108  104  242  189  154  234  349  308  226  230  168   97   2409
 94918 14942  0  NE NORTH OMAHA      1946  192  214  215  306  293  367  372  299  260  194  161  163   3036
 94918 14942  0  NE NORTH OMAHA      1947  181  124  174  173  287  248  386  368  256  202  108  145   2652
 94918 14942  0  NE NORTH OMAHA      1948  171  165  236  263  285  308  341  316  285  240   95  120   2825
 94918 14942  0  NE NORTH OMAHA      1949  126  148  144  250  259  282  347  315  254  207  217  139   2688
 94918 14942  0  NE NORTH OMAHA      1950  151  169  215  233  224  326  268  265  220  262  118  100   2550
 94918 14942  0  NE NORTH OMAHA      1951  139  126  189  152  285  198  327  275  189  180  140  118   2318
 94918 14942  0  NE NORTH OMAHA      1952  147  141  128  205  267  335  354  266  302  286  155  136   2722
 94918 14942  0  NE NORTH OMAHA      1953  134  155  183  221  276  328  334  332  314  264  165  157   2863
 94918 14942  0  NE NORTH OMAHA      1954  185  205  184  269  326  353  320  194  241  127  208  147   2759
 94918 14942  0  NE NORTH OMAHA      1955  141  120  226  299  284  232  392  357  274  264  197  164   2950
 94918 14942  0  NE NORTH OMAHA      1956  108  198  251  253  237  364  321  310  329  272  172  145   2960
 94918 14942  0  NE NORTH OMAHA      1957  153  184  194  223  213  267  367  288  243  157  137  189   2615
 94918 14942  0  NE NORTH OMAHA      1958  150  190  171  231  285  287  252  308  272  298  191  195   2830
 94918 14942  0  NE NORTH OMAHA      1959  157  176  202  232  229  335  330  307  206  170  153  106   2603
 94918 14942  0  NE NORTH OMAHA      1960  147  168  142  247  295  253  369  297  261  253  223  182   2837
 94918 14942  0  NE NORTH OMAHA      1961  228  128  137  235  253  320  338  346  206  235  159  111   2696
 94918 14942  0  NE NORTH OMAHA      1962  189  113  182  260  304  298  324  318  247  213  160  151   2759
 94918 14942  0  NE NORTH OMAHA      1963  149  165  221  241  250  342  341  282  205  277  185  179   2837
 94918 14942  0  NE NORTH OMAHA      1964  218  203  228  179  315  296  342  267  221  255  151  168   2843
 94918 14942  0  NE NORTH OMAHA      1965  183  183  177  173  263  273  321  315  146  274  176  156   2639
 94918 14942  0  NE NORTH OMAHA      1966  204  224  255  215  349  323  342  364  253  266  169  134   3096
 94918 14942  0  NE NORTH OMAHA      1967  137  187  234  258  294  253  338  335  273  212  165  128   2813
 94918 14942  0  NE NORTH OMAHA      1968  182  166  297  251  303  363  355  309  274  258  138  100   2995
 94918 14942  0  NE NORTH OMAHA      1969   64  104  230  278  285  383  337  335  281  199  191  154   2841
 94918 14942  0  NE NORTH OMAHA      1970  149  219  192  266  331  363  343  286  229  158  113  173   2821
 94918 14942  0  NE NORTH OMAHA      1971  167  154  265  273  253  374  375  311  227  180  128   78   2784
 94918 14942  0  NE NORTH OMAHA      1972  197  206  266  215  262  309  307  299  234  168   62  112   2638
 94918 14942  0  NE NORTH OMAHA      1973  179  126  111  229  288  323  307  354  176  220  121  122   2555
 94918 14942  0  NE NORTH OMAHA      1974  190  162  206  243  237  361  398  279  289  198  166  154   2885
 94918 14942  0  NE NORTH OMAHA      1975  133  126  198  184  312  277  400  313  229  286  126  142   2724
 94918 14942  0  NE NORTH OMAHA      1976  210  190  207  231  307  338  271  300  265  207  195  173   2894
 94918 94918  6  NE NORTH OMAHA      1977  169  186  202  252  -99  -99  394  188  257  207  153  149    -99
 94918     0  0  NE NORTH OMAHA      1978  129  122  190  109  222  318  251  295  259  226  141  142   2402
 94918     0  0  NE NORTH OMAHA      1979  150  158  175  176  283  302  244  271  330  167  156  147   2559
 94918     0  0  NE NORTH OMAHA      1980  114  109  229  276  225  317  308  249  304  277  193  106   2708
 94918     0  0  NE NORTH OMAHA      1981  189  145  245  -99  229  256  198  210  258  171  117  112    -99
 94918     0  0  NE NORTH OMAHA      1982  124  168  179  277  128  217  350  226  168  193  112   94   2238
 94918     0  0  NE NORTH OMAHA      1983   84   89  141  154  272  261  401  334  288  169   76   77   2346
 94918     0  0  NE NORTH OMAHA      1984  200  166   95  182  261  314  379  346  266  150  165  151   2675
 94918     0  0  NE NORTH OMAHA      1985  187  178  247  244  342  285  293  248  168  161  109  132   2594
 94918     0  0  NE NORTH OMAHA      1986  198  110  229  224  319  317  367  261  194  192  166  123   2700
 94918     0  0  NE NORTH OMAHA      1987  157  140  207  292  247  298  344  243  265  220  145  109   2667
 94941     0  0  NE DREXEL           1915  -99  -99  -99  -99  -99  258  252  235  187  264  175  130    -99
 94941     0  0  NE DREXEL           1916  158  242  226  231  320  330  421  296  284  230  201  180   3118
 94941     0  0  NE DREXEL           1917  204  195  246  175  291  343  400  325  241  201  180  123   2925
 94941     0  0  NE DREXEL           1918  169  193  254  210  266  366  332  300  266  165  160  104   2786
 94941     0  0  NE DREXEL           1919  210  122  178  110  246  247  378  323  227  168  158  160   2527
 94941     0  0  NE DREXEL           1920  151  109  260  190  256  312  354  281  266  233  111  134   2657
 94941     0  0  NE DREXEL           1921  106  188  215  229  281  314  299  263  243  233  129  149   2649
 94941     0  0  NE DREXEL           1922  164  165  170  196  245  343  298  327  269  255  163  164   2759
 94941     0  0  NE DREXEL           1923  133  202  228  224  244  226  294  245  192  178  188  161   2517
 94941     0  0  NE DREXEL           1924  198  197  183  293  241  296  350  286  212  216  165  121   2759
 94941     0  0  NE DREXEL           1925  186  140  215  214  280  310  295  290  223  140  162  146   2600
