 14936 14968 10  SD HURON            1897  -99  -99  -99  -99  -99  -99  -99  -99  -99  172  136  116    -99
 14936 14968  0  SD HURON            1898  198  199  212  223  -99  285  283  311  264  177  191  175    -99
 14936 14968  0  SD HURON            1899  203  216  226  255  205  310  324  233  264  189  179  175   2779
 14936 14968  0  SD HURON            1900  183  203  257  258  370  343  338  286  233  182  154  137   2944
 14936 14968  0  SD HURON            1901  171  206  211  273  362  284  384  344  205  208  189  133   2969
 14936 14968  0  SD HURON            1902  189  185  177  258  295  274  338  212  231  224  133  112   2627
 14936 14968  0  SD HURON            1903  156  225  241  281  313  348  353  293  205  245  203  154   3016
 14936 14968  0  SD HURON            1904  166  183  222  274  340  278  345  314  271  234  201  118   2946
 14936 14968  0  SD HURON            1905  155  217  182  271  271  270  359  349  282  217  171  201   2947
 14936 14968  0  SD HURON            1906  186  233  210  245  264  313  380  291  252  193  134  116   2817
 14936 14968  0  SD HURON            1907  146  217  253  285  280  280  335  359  232  267  174  138   2966
 14936 14968  0  SD HURON            1908  177  154  170  247  263  268  333  324  293  160  164  167   2719
 14936 14968  0  SD HURON            1909  166  169  210  225  318  326  334  360  243  196  117   92   2754
 14936 14968  0  SD HURON            1910  155  201  286  281  327  355  368  304  214  239  128  120   2980
 14936 14968  0  SD HURON            1911  133  195  242  240  329  358  359  256  195  146  154  113   2721
 14936 14968  0  SD HURON            1912  115  164  240  261  304  350  320  313  252  268  220  156   2963
 14936 14968  0  SD HURON            1913  176  210  199  269  209  391  367  308  232  188  182  177   2908
 14936 14968  0  SD HURON            1914  128  184  193  240  327  301  419  305  261  217  199  146   2918
 14936 14968  0  SD HURON            1915  151  127  254  299  215  303  301  349  250  254  179  137   2818
 14936 14968  0  SD HURON            1916  201  214  231  213  299  314  371  304  268  215  189  154   2974
 14936 14968  0  SD HURON            1917  172  196  226  192  358  336  411  336  178  171  123  111   2808
 14936 14968  0  SD HURON            1918  141  206  280  279  310  326  306  299  234  188  137  127   2832
 14936 14968  0  SD HURON            1919  196  157  248  196  294  252  361  301  189  163  138  130   2626
 14936 14968  0  SD HURON            1920  150  146  257  193  266  289  326  362  256  231   94  126   2696
 14936 14968  0  SD HURON            1921  125  192  251  267  255  376  328  269  260  229  130  153   2837
 14936 14968  0  SD HURON            1922  171  220  201  233  279  336  289  343  286  218   94  130   2800
 14936 14968  0  SD HURON            1923  135  185  216  242  275  284  323  236  247  227  222  190   2780
 14936 14968  0  SD HURON            1924  222  232  284  310  300  304  395  343  233  228  158  108   3118
 14936 14968  0  SD HURON            1925  155  151  285  277  238  282  347  331  197   96  190  132   2681
 14936 14968  0  SD HURON            1926  159  174  268  312  322  338  335  254  170  219   89  148   2788
 14936 14968  0  SD HURON            1927  180  186  236  234  269  374  396  335  270  208   92  147   2926
 14936 14968  0  SD HURON            1928  170  201  222  277  336  315  383  317  269  165  147  150   2952
 14936 14968  0  SD HURON            1929  118  137  200  242  335  328  354  336  156  188  134  128   2655
 14936 14968  0  SD HURON            1930  166  181  263  224  287  361  399  277  290  189  167  133   2937
 14936 14968  0  SD HURON            1931  210  189  230  328  327  342  388  305  250  172  140  147   3027
 14936 14968  0  SD HURON            1932  180  178  176  210  297  342  381  303  282  167  137  196   2849
 14936 14968  0  SD HURON            1933  200  238  274  265  275  402  354  312  295  258  119  119   3110
 14936 14968  0  SD HURON            1934  139  192  238  305  396  357  335  318  217  223  155  110   2985
 14936 14968  0  SD HURON            1935  138  170  234  210  231  332  398  325  303  228  114   97   2780
 14936 14968  0  SD HURON            1936  123  176  246  275  347  359  413  307  292  213  186  121   3058
 14936 14968  0  SD HURON            1937  170  189  220  207  318  328  402  339  285  197  148  129   2932
 14936 14968  0  SD HURON            1938  121  156  208  200  206  307  309  334  234  204  109  122   2510
 14936 14936  2  SD HURON            1939  111  165  240  285  347  303  382  347  254  191  203  178   3006
 14936     0  0  SD HURON            1940  202  179   97  151  286  303  323  277  264  203  135  108   2528
 14936     0  0  SD HURON            1941  160  146  192  170  327  277  354  335  223  162  134  141   2621
 14936     0  0  SD HURON            1942  208  129  176  267  250  308  335  303  211  202  129   86   2604
 14936     0  0  SD HURON            1943   97  169  198  274  251  302  390  332  287  248  140  183   2871
 14936     0  0  SD HURON            1944  187  205  211  215  315  332  375  311  267  250   49  111   2828
 14936     0  0  SD HURON            1945   71  147  217  228  258  233  338  292  221  226  114  125   2470
 14936     0  0  SD HURON            1946  173  194  220  323  214  299  340  299  200  130  113  176   2681
 14936     0  0  SD HURON            1947  187  190  212  214  331  282  420  350  246  208   80  112   2832
 14936     0  0  SD HURON            1948  131  170  231  252  304  261  357  309  256  245   98  135   2749
 14936     0  0  SD HURON            1949  105  155  144  262  282  282  328  310  229  153  215  158   2623
 14936     0  0  SD HURON            1950  146  186  203  220  283  405  377  344  246  233  143   94   2880
 14936     0  0  SD HURON            1951  137  157  225  239  295  304  309  303  236  184  169  103   2661
 14936     0  0  SD HURON            1952  201  183  191  301  314  346  389  321  308  279  162  119   3114
 14936     0  0  SD HURON            1953  102  122  203  191  245  308  359  305  311  262  166  123   2697
 14936     0  0  SD HURON            1954  137  175  204  229  323  293  370  331  228  158  190  128   2766
 14936     0  0  SD HURON            1955  163  173  243  299  353  332  392  321  272  253  150  129   3080
 14936     0  0  SD HURON            1956  141  186  206  246  274  373  355  313  278  269  157  180   2978
 14936     0  0  SD HURON            1957  217  229  292  304  263  327  391  305  287  140  109  140   3004
 14936     0  0  SD HURON            1958  153  191  209  249  382  327  334  371  298  253  179  169   3115
 14936     0  0  SD HURON            1959  162  205  228  271  264  372  420  337  245  178  134  109   2925
 14936     0  0  SD HURON            1960  130  172  212  251  326  302  394  327  280  262  196  164   3016
 14936     0  0  SD HURON            1961  218  231  227  278  285  386  385  380  253  235  174  131   3183
 14936     0  0  SD HURON            1962  151  131  157  266  207  269  309  348  266  234  148  139   2625
 14936     0  0  SD HURON            1963  123  123  229  205  279  305  327  330  207  225  187  144   2684
 14936     0  0  SD HURON            1964  176  164  233  200  320  339  375  309  254  281  197  127   2974
 14936     0  0  SD HURON            1965  148  200  200  175  278  252  321  289  129  276  206  155   2629
 14936     0  0  SD HURON            1966  198  196  257  219  355  365  382  322  279  228  171  160   3130
 14936     0  0  SD HURON            1967  145  207  277  274  279  250  385  356  251  209  189  151   2973
 14936     0  0  SD HURON            1968  178  195  266  267  265  280  363  304  244  204  153  130   2849
 14936     0  0  SD HURON            1969  107  112  277  257  299  282  331  351  287  135  158  151   2747
 14936     0  0  SD HURON            1970  195  212  243  233  294  375  373  320  240  203  111  184   2985
 14936     0  0  SD HURON            1971  165  200  217  298  339  360  381  385  263  184  153  106   3052
 14936     0  0  SD HURON            1972  224  243  209  235  229  315  310  295  254  169   72  105   2659
 14936     0  0  SD HURON            1973  190  152  144  240  342  347  338  301  159  188   88  111   2600
 14936     0  0  SD HURON            1974  197  164  224  230  220  373  320  302  325  230  161  156   2904
 14936     0  0  SD HURON            1975  156  142  212   97  318  282  415  329  282  237  165  107   2741
 14936     0  0  SD HURON            1976  200  187  237  256  349  363  397  355  300  252  192  157   3245
 14936     0  0  SD HURON            1977  199  205  229  311  368  355  359  311  215  194  141   99   2984
 14936     0  0  SD HURON            1978  209  202  243  161  327  381  383  371  314  242  114  160   3106
 14936     0  0  SD HURON            1979  175  141  198  230  324  329  292  253  323  174  201  190   2830
 14936     0  0  SD HURON            1980  162  194  274  333  355  310  362  247  278  238  192  116   3060
 14936     0  0  SD HURON            1981  177  183  278  294  309  358  358  337  307  213  170  171   3157
 14936     0  0  SD HURON            1982  190  233  232  264  189  281  346  295  232  139  123  -99    -99
 14936     0  0  SD HURON            1983  -99   89  128  187  287  243  355  358  232  138   49  110    -99
 14936     0  0  SD HURON            1984  147  136  167  196  315  313  366  349  254  155  154  117   2669
 14936     0  0  SD HURON            1985  213  213  273  294  335  338  361  303  176  218  109  168   3001
 14936     0  0  SD HURON            1986  192  184  222  246  367  371  390  364  218  208  161  190   3113
 14936     0  0  SD HURON            1987  169  169  225  355  344  412  404  351  327  269  170  154   3349
 24090 24056  1  SD RAPID CITY       1908  166  144  169  285  236  310  360  333  297  187  222  172   2881
 24090 24056  0  SD RAPID CITY       1909  160  194  273  222  260  290  350  322  247  257  150  135   2862
 24090 24056  0  SD RAPID CITY       1910  190  212  294  289  273  320  322  263  203  224   90  120   2800
 24090 24056  0  SD RAPID CITY       1911  145  162  250  226  315  259  295  259  260  224  171  158   2723
 24090 24056  0  SD RAPID CITY       1912  144  183  260  286  304  321  332  318  209  222  191  157   2925
 24090 24056  0  SD RAPID CITY       1913  144  203  207  273  244  324  345  370  290  213  202  198   3013
 24090 24056  0  SD RAPID CITY       1914  157  164  241  213  318  371  413  337  291  221  187  140   3052
 24090 24056  0  SD RAPID CITY       1915  160  173  227  272  240  301  307  309  229  265  183  173   2839
 24090 24056  0  SD RAPID CITY       1916  202  231  260  239  288  301  373  291  315  199  185  152   3037
 24090 24056  0  SD RAPID CITY       1917  191  140  219  196  218  342  400  322  261  240  204  111   2845
 24090 24056  0  SD RAPID CITY       1918  130  220  256  234  269  317  277  336  224  249  194  137   2844
 24090 24056  0  SD RAPID CITY       1919  225  136  200  225  348  312  337  353  238  177  152  198   2902
 24090 24056  0  SD RAPID CITY       1920  147  204  247  170  216  285  322  347  266  227  182  131   2745
 24090 24056  0  SD RAPID CITY       1921  173  213  235  290  252  300  317  307  279  264  126  136   2892
 24090 24056  0  SD RAPID CITY       1922  173  171  265  196  300  362  342  357  309  259  145  161   3041
 24090 24056  0  SD RAPID CITY       1923  160  189  245  261  278  315  322  252  275  196  210  160   2862
 24090 24056  0  SD RAPID CITY       1924  170  200  193  225  279  288  362  311  285  250  200  160   2923
 24090 24056  0  SD RAPID CITY       1925  214  186  249  298  332  309  354  335  205  149  213  139   2984
 24090 24056  0  SD RAPID CITY       1926  156  189  226  263  251  274  305  276  245  234  109  166   2694
 24090 24056  0  SD RAPID CITY       1927  151  163  234  287  256  248  314  282  251  232  102  183   2703
 24090 24056  0  SD RAPID CITY       1928  178  249  254  303  301  238  356  330  264  190  151  186   3002
 24090 24056  0  SD RAPID CITY       1929  158  188  251  272  303  327  374  354  208  222  151  158   2966
 24090 24056  0  SD RAPID CITY       1930  154  157  239  257  248  366  398  269  272  179  170  179   2888
 24090 24056  0  SD RAPID CITY       1931  245  195  247  292  335  355  363  333  282  238  175  169   3229
 24090 24056  0  SD RAPID CITY       1932  163  242  249  261  290  348  366  343  318  204  146  178   3108
 24090 24056  0  SD RAPID CITY       1933  190  199  238  232  253  376  396  325  313  242  178   85   3026
 24090 24056  0  SD RAPID CITY       1934  175  231  221  319  364  298  331  316  228  260  185  136   3064
 24090 24056  0  SD RAPID CITY       1935  159  169  217  207  152  300  353  311  287  251  139  132   2677
 24090 24056  0  SD RAPID CITY       1936  160  183  257  260  370  369  424  348  307  238  205  135   3255
 24090 24056  0  SD RAPID CITY       1937  162  201  227  266  308  333  371  371  256  198  110  147   2950
 24090 24056  0  SD RAPID CITY       1938  116  173  182  202  245  321  344  355  265  218  137  116   2674
 24090 24056  0  SD RAPID CITY       1939  147  176  255  263  310  316  364  333  280  229  252  173   3098
 24090 24056  0  SD RAPID CITY       1940  181  166  170  198  386  381  355  358  276  259  162  154   3046
 24090 24056  0  SD RAPID CITY       1941  198  201  219  193  326  298  314  284  222  170  149  114   2689
 24090 24026  8  SD RAPID CITY       1942  208  150  202  210  245  310  377  277  216  186  163  129   2673
 24090 24026  0  SD RAPID CITY       1943  153  188  256  296  274  275  373  357  304  262  156  175   3069
 24090 24026  0  SD RAPID CITY       1944  166  196  196  234  302  276  335  313  281  265  141  164   2869
 24090 24026  0  SD RAPID CITY       1945  157  154  218  238  269  191  353  330  243  243  142   77   2615
 24090 24026  0  SD RAPID CITY       1946  159  206  233  308  230  296  378  338  281  179  195  177   2980
 24090 24026  0  SD RAPID CITY       1947  221  233  165  233  287  239  361  332  208  239  166  159   2843
 24090 24026  0  SD RAPID CITY       1948  156  192  235  264  275  259  355  305  264  268  137  169   2879
 24090 24026  0  SD RAPID CITY       1949  181  218  258  318  288  319  379  339  269  189  202  139   3099
 24090 24026  0  SD RAPID CITY       1950  135  170  269  306  397  334  300  346  232  246  115  173   3023
 24090 24090  1  SD RAPID CITY       1951  176  179  274  275  219  243  280  258  198  163  160  104   2529
 24090     0  0  SD RAPID CITY       1952  159  178  176  311  268  321  355  230  292  288  186  178   2942
 24090     0  0  SD RAPID CITY       1953  137  134  258  151  217  301  321  297  301  261  175  138   2691
 24090     0  0  SD RAPID CITY       1954  143  172  170  184  226  244  344  278  244  198  180  158   2541
 24090     0  0  SD RAPID CITY       1955  130  115  222  257  263  206  348  303  256  240  169  112   2621
 24090     0  0  SD RAPID CITY       1956  146  169  230  225  201  353  315  265  284  262  165  150   2765
 24090     0  0  SD RAPID CITY       1957  146  159  237  170  181  261  329  228  274  133  191  162   2471
 24090     0  0  SD RAPID CITY       1958  188  148  134  199  344  280  261  326  269  257  152  148   2706
 24090     0  0  SD RAPID CITY       1959  139  186  223  243  242  317  375  336  221  200  108  153   2743
 24090     0  0  SD RAPID CITY       1960  120  167  207  230  262  280  317  332  300  259  167  114   2755
 24090     0  0  SD RAPID CITY       1961  200  163  215  242  225  457  249  311  174  195  167  161   2759
 24090     0  0  SD RAPID CITY       1962  170  156  249  260  184  221  294  331  234  254  177  152   2682
 24090     0  0  SD RAPID CITY       1963  143  130  239  213  267  291  341  314  250  259  194  134   2775
 24090     0  0  SD RAPID CITY       1964  183  195  257  234  256  267  342  341  300  286  176  139   2976
 24090     0  0  SD RAPID CITY       1965  164  208  242  219  229  198  296  284  174  277  156  150   2596
 24090     0  0  SD RAPID CITY       1966  129  150  259  194  318  291  325  275  262  231  149  148   2733
 24090     0  0  SD RAPID CITY       1967  137  198  206  218  233  234  355  334  242  233  172  129   2690
 24090     0  0  SD RAPID CITY       1968  169  191  249  235  245  265  333  278  256  209  123   91   2642
 24090     0  0  SD RAPID CITY       1969  107  107  230  244  313  230  344  361  307  149  158  148   2697
 24090     0  0  SD RAPID CITY       1970  145  188  192  253  268  375  379  364  269  217  105  190   2944
 24090     0  0  SD RAPID CITY       1971  141  166  206  222  292  314  358  357  231  190  185  193   2855
 24090     0  0  SD RAPID CITY       1972  125  172  255  168  218  197  283  332  268  182  126  151   2475
 24090     0  0  SD RAPID CITY       1973  217  205  219  222  298  317  304  281  200  255  107  117   2741
 24090     0  0  SD RAPID CITY       1974  146  203  257  227  251  314  340  344  306  277  233  208   3105
 24090     0  0  SD RAPID CITY       1975  162  198  201  221  258  360  419  361  340  236  207  145   3107
 24090     0  0  SD RAPID CITY       1976  182  213  224  213  283  322  353  332  278  240  188  157   2984
 24090     0  0  SD RAPID CITY       1977  179  200  222  297  305  348  346  339  289  237  151  137   3049
 24090     0  0  SD RAPID CITY       1978  162  120  280  244  263  334  324  312  294  265  110  195   2901
 24090     0  0  SD RAPID CITY       1979  239  208  223  205  216  307  323  284  324  201  147  155   2832
 24090     0  0  SD RAPID CITY       1980  154  167  222  261  260  319  351  267  240  220  120  104   2686
 24090     0  0  SD RAPID CITY       1981  180  163  310  318  292  372  317  331  300  207  176  119   3085
 24090     0  0  SD RAPID CITY       1982  118  178  213  231  244  287  351  322  239  190  158  130   2662
 24090     0  0  SD RAPID CITY       1983  130  160  156  216  314  301  350  348  276  185  128  178   2742
 24090     0  0  SD RAPID CITY       1984  177  202  236  273  309  335  347  353  258  204  167  148   3010
 24090     0  0  SD RAPID CITY       1985  161  175  247  298  338  310  332  311  206  231   89  132   2830
 24090     0  0  SD RAPID CITY       1986  132  120  203  234  347  337  355  350  172  197  153  213   2813
 24090     0  0  SD RAPID CITY       1987  225  178  233  351  237  361  351  320  312  242  168  141   3119
 94911     0  0  SD YANKTON          1897  -99  -99  -99  -99  -99  -99  -99  -99  -99  198  171  131    -99
 94911     0  0  SD YANKTON          1898  209  201  237  267  187  278  365  345  309  199  204  216   3017
 94911     0  0  SD YANKTON          1899  223  221  229  279  217  312  339  282  255  207  167  140   2870
 94911     0  0  SD YANKTON          1900  179  147  223  225  348  367  327  190  208  230  152  128   2722
 94911     0  0  SD YANKTON          1901  180  211  207  237  302  300  396  380  246  216  -99  -99    -99
 94911     0  0  SD YANKTON          1902  -99  192  233  328  248  281  307  232  226  200  107   67    -99
 94911     0  0  SD YANKTON          1903   95  182  198  236  233  265  224  275  220  226  125   93   2372
 94911     0  0  SD YANKTON          1904  127  163  183  228  254  254  357  286  248  198  211  123   2634
 94911     0  0  SD YANKTON          1905  161  213  155  193  229  256  312  260  256  214  189  209   2648
 94911     0  0  SD YANKTON          1906  180  224  216  274  276  329  390  311  230  190  109  102   2831
 94911     0  0  SD YANKTON          1907   90  172  208  207  221  284  314  325  235  273  189  129   2647
 94911     0  0  SD YANKTON          1908  188  166  199  258  262  247  319  265  274  152  168  160   2658
 94911     0  0  SD YANKTON          1909  117  147  216  190  241  279  281  317  188  214  146   99   2434
 94911     0  0  SD YANKTON          1910  138  187  287  277  290  354  368  298  227  276  172  135   3009
 94911     0  0  SD YANKTON          1911  136  195  271  200  357  367  364  269  198  180  159  127   2823
 94911     0  0  SD YANKTON          1912  120  167  222  223  307  306  307  325  236  262  214  158   2848
 94911     0  0  SD YANKTON          1913  161  188  186  240  202  343  351  266  200  150  127  151   2565
 94911     0  0  SD YANKTON          1914  129  143  186  182  224  240  302  231  239  189  173  105   2343
 94911     0  0  SD YANKTON          1915   98   72   84  223  146  235  226  264  193  226  153   92   2011
 94911     0  0  SD YANKTON          1916  130  177  152  168  253  301  365  237  234  205  196  138   2558
 94911     0  0  SD YANKTON          1917  162  147  205  134  255  264  361  282  146  122  123   80   2279
 94911     0  0  SD YANKTON          1918  114  173  237  207  236  289  275  278  210  148  136   90   2392
 94911     0  0  SD YANKTON          1919  179  100  147  125  244  221  336  304  169  134  120  139   2217
 94911     0  0  SD YANKTON          1920   82  103  222  142  175  203  311  326  282  244  104  106   2300
 94911     0  0  SD YANKTON          1921  119  158  234  228  256  377  363  307  274  242  128  126   2811
 94911     0  0  SD YANKTON          1922  164  192  197  225  236  300  295  333  272  241  124  148   2728
 94911     0  0  SD YANKTON          1923  121  189  205  240  261  257  334  285  244  197  179  144   2655
 94911     0  0  SD YANKTON          1924  172  164  164  266  252  265  350  287  219  228  167  110   2644
 94911     0  0  SD YANKTON          1925  144  136  256  229  321  282  331  296  211  149  168  118   2641
 94911     0  0  SD YANKTON          1926  122  143  210  266  280  325  298  312  176  184   94   97   2505
 94911     0  0  SD YANKTON          1927  160  161  168  178  222  302  370  253  259  232   83  119   2505
 94911     0  0  SD YANKTON          1928  169  198  210  222  328  272  368  326  280  175  134  133   2815
 94911     0  0  SD YANKTON          1929  108  111  205  214  240  222  308  314  136  178  134  133   2305
 94911     0  0  SD YANKTON          1930  146  149  229  179  253  351  374  205  265  166  208  132   2657
 94911     0  0  SD YANKTON          1931  202  189  169  261  305  329  340  302  248  198  141  141   2823
 94911     0  0  SD YANKTON          1932  104  161  184  196  267  320  323  265  279  218  126  139   2582
